100
101
102
103
1000
2000
3000
4000
5000
6000
7000
8000
voip2
voip3
pbx1
9000
200
300
400
500
600
700
800
900
1001
1002
1003
1004
1005
1006
1007
1008
1009
1010
1020
1030
1040
1050
1060
00
0
0000
00000
pbx123
voip123
sip123
104
105
106
107
10
108
2001
201
2002
210
3001
4001
401
5001
222
6001
7001
301
8001
302
9001
410
310
320
420
111
333
44
22
33
444
4444
555
55
5555
55555
666
6666
66
66666
77
777
7777
77777
70
2222
22222
44444
402
403
405
407
411
501
502
510
520
506
601
602
604
608
610
6010
3010
5010
4010
7010
9010
8010
1011
2011
3011
4011
5011
6011
7011
8011
9011
710
702
703
705
74
801
802
803
810
811
901
902
903
904
905
910
911
912
11
9
8
5
4
1022
1021
1031
1041
1051
1061
1070
1071
1080
1090
1091
1081
1088
1099
1077
1073
1063
1052
1033
1023
1012
1013
1105
1110
1112
1113
1102
1109
1120
3301
3230
3302
3330
2220
2201
1119
999
99
9999
99999
10000
10001
20001
20003
10002
40001
40002
50001
50000
40000
50002
60000
60001
60002
70000
70001
70002
80000
80001
80002
90000
90001
90002
80
90
50
60
40
7800
8002
8501
9301
224
3501
8100
7600
1111
6801
8401
9700
1901
8800
5101
7101
1700
1801
209
3400
2230
2100
5700
5701
7301
test
5801
206
admin
6501
1301
6900
3500
2600
6800
8301
9701
6300
8801
9500
2200
7701
1800
7401
8009
5901
2801
4201
4100
9900
3300
1501
109
9600
4600
6500
7201
603
5201
3801
3900
6600
7801
888
7100
3004
7400
3201
4500
6003
5200
4900
112
9300
8019
4801
7200
1601
3901
8200
1200
2800
2701
1100
3100
4800
2010
cc123
5100
1078
6301
phone
5800
8300
4501
5500
8900
5004
150
2301
fax
7501
1500
3200
1900
2700
3700
1101
2022
6700
2400
123456
2901
5501
4601
160
33333
6701
701
8600
130
120
110
140
141
131
121
151
161
170
171
180
181
190
191
260
270
280
290
3232
9801
1701
8700
123123
1600
5301
4101
3101
4400
9201
1014
5401
4901
2300
2601
9401
9400
202
3701
3800
4200
2401
6901
221
2900
8201
3601
8601
5400
7700
21000
9101
6101
5900
12
123
1234
12345
1234567
12345678
123456789
1234567890
6601
4401
1300
1515
8500
88888
1201
8701
20500
9601
8888
3600
cc101
6200
2501
9501
7900
4701
9901
9800
4301
7601
3401
1401
88
user
6400
5601
110011
5300
11111
9200
6100
8101
7002
223
7901
4300
8400
6201
7500
4700
8901
9100
1400
3333
2101
6401
5600
7300
2500
9009
203
408
5005
135
1000001
316
1212
3331
505
707
000000
439
4030
215
000
4002
555000
12001
100001
11004
7022
9023
44193
NULL
985000
30000000
20
6105
1213
9005
442030510988
50005
2005
3031
a505050
ANONYMOUS
6662222
222222
DEMO
321
960
test1
111111
asd100
6060
0001
00001
01
001
2
test2
2240
124
8240
14
144
4140
87
6240
1094
sip1
2140
8140
660
305
223344
360
164
1313
2202
Cisco
230
36
6140
134
0005
3040
2060
9007
0123456
1000000
1331
demo
187
199
3060
165
195
15
2150
37
6150
2250
10011
797
59011
200200
9019
Anonymous
304
606
6006
906
0011
1122
711
145
6250
96
460
776
16
175
21
806
10022
0012
46
0002
0007
2320
1054
252
user1
user101
cc1001
1034
1044
1064
1027
185
155
8150
4150
4250
10030
00012
1055
999999
3
6
7
30
31
41
51
61
71
81
91
11100
111000
22200
222000
33300
333000
44400
444000
55500
66600
666000
77700
777000
88800
888000
99900
999000
112233
1555
2555
002
02
03
003
0003
04
004
0004
005
05
006
0006
007
07
008
0008
08
009
0009
09
10012
00007
47
8210
6210
test12
4060
17
760
2210
4210
1111111
10018
1072
97
3002
2310
8310
8220
6220
560
18
786
1042
56
1032
1092
4220
10019
00010
1082
251
11111111
00009
1062
4310
00014
7060
23
8230
6230
1093
6310
291
19
5060
281
24
000014
10031
57
860
6320
8320
10020
4230
0015
1065
8060
8330
1035
25
1045
8250
1095
1085
263
4330
2330
6330
622
2525
2221
2227
4447
2228
4448
27
3121
100100
0000000
00000000
300300
400400
6005
8008
664
303
669
11002
108704
580000
80471
1372
1125CH
33014
852
80003
334455
445566
556677
199601
sipcall
sipcall1
1000005
10000001
5000000
9000000
10009
2009
2006
600000000
207
234
10.30
204
205
208
1048
213
118
611
312
313
214
314
315
216
250
255
13
311
115
511
1214
390
9044
113
114
116
117
119
122
125
126
127
128
129
132
307
133
212
217
218
219
220
231
240
241
261
271
308
309
317
318
319
331
340
341
350
351
361
370
371
380
381
391
404
406
412
413
414
415
416
417
418
419
421
430
431
440
441
450
451
461
470
471
480
481
490
491
503
504
507
508
509
512
513
514
515
516
517
518
519
521
522
530
531
540
541
550
551
561
570
571
580
581
590
591
607
609
612
613
614
615
616
617
618
619
620
621
630
631
640
641
650
651
670
671
680
681
690
691
706
708
709
712
713
714
715
716
717
718
719
720
721
730
731
740
2000000
7006
805
7004
704
102030
2255
10551
100000
1216
3133
1015
2020
2015
2019
6007
6012
1312
2346
6773
3688
1406
1305
4240
4917
5811
4828
2399
4014
5015
1121
2014
2007
2008
2012
2013
741
750
751
761
770
771
780
781
790
791
804
807
808
809
812
813
814
815
816
817
818
819
820
821
830
831
840
841
851
861
870
871
880
881
890
891
907
908
909
913
914
915
916
917
918
919
920
921
930
931
940
941
950
961
970
971
980
824
981
990
991
10.40
12024
900000
90000000
3225
3525
3425
2125
3125
3325
636
1950
1650
1850
1053
1056
1049
3550
2950
3250
3450
3650
4050
3350
3950
4550
3850
2050
3750
3151
3152
3154
3155
3156
3157
3158
3159
661
663
1175
665
667
668
3575
3275
3175
3475
3375
409
5002
605
306
11000
8888888
5050
6002
6020
6004
9006
0110
2212
120000
6666666
951
2030
211
953
850
4003
1414
1221
1236
1456
5550000
101010
0000000000
3020
4020
2222222
3333333
4444444
5555555
7777777
9999999
8080
10101
3030
4040
5030
6999
2040
2070
2080
2090
10010
110002
500001
400001
330001
410001
110001
300001
250001
350001
360001
380001
310001
320001
abc100
390001
370001
1111111111111
0010011
85
155555555555
189
2021
136
137
138
139
1103
0010
330
7009
9003
7167
1084
766
10021
000011
194
184
154
00005
174
1025
1075
767
06
1210
1211
1310
1311
1410
1411
1510
1511
1610
1611
1710
1711
1810
1811
1910
1911
2003
2004
2031
2041
2051
2061
2071
2081
2091
2110
2111
2211
2311
2410
2411
2510
2511
2610
2611
2710
2711
2810
2811
2910
2911
3003
3005
3006
3007
3008
3009
3012
3013
3021
3041
3050
3051
3061
3070
3071
3080
3081
3090
3091
3110
3111
3210
3211
3310
3311
3410
3411
3510
3511
3610
3611
3710
3711
3810
3811
3910
3911
4004
4005
4006
4007
4008
4009
4012
4013
4021
4031
4041
4051
4061
4070
4071
4080
4081
4090
4091
4110
4111
4211
4311
4410
4411
4510
4511
4610
4611
4710
4711
4810
4811
4910
4911
5003
5006
5007
5008
5009
5012
5013
5020
5021
5031
5040
5041
5051
5061
5070
5071
5080
5081
5090
5091
5110
5111
5210
5211
5310
5311
5410
5411
5510
5511
5610
5611
5710
5711
5810
5910
5911
6008
6009
6013
6021
6030
6031
6040
6041
6050
6051
6061
6070
6071
6080
6081
6090
6091
6110
6111
6211
6311
6410
6411
6510
6511
6610
6611
6710
6711
6810
6811
6910
6911
7003
7005
7007
7008
7012
7013
7020
7021
7030
7031
7040
7041
7050
7051
7061
7070
7071
7080
7081
7090
7091
7110
7111
7210
7211
7310
7311
7410
7411
7510
7511
7610
7611
7710
7711
7810
7811
7910
7911
8003
8004
8005
8006
8007
8012
8013
8020
8021
8030
8031
8040
8041
8050
8051
8061
8070
8071
8081
8090
8091
8110
8111
8211
8311
8410
8411
8510
8511
8610
8611
8710
8711
8810
8811
8910
8911
9002
9004
9008
9012
9013
9020
9021
9030
9031
9040
9041
9050
9051
9060
9061
9070
9071
9080
9081
9090
9091
9110
9111
9210
9211
9310
9311
9410
9411
9510
9511
9610
9611
9710
9711
9810
9811
9910
9911
20000
30000
30001
11001
21001
31000
31001
41000
41001
51000
51001
61000
61001
71000
71001
81000
81001
91000
91001
12000
13000
13001
14000
14001
15000
15001
16000
16001
17000
17001
18000
18001
19000
19001
3555
4555
6555
7555
8555
9555
1222
3222
4222
5222
6222
7222
8222
9222
1333
2333
4333
5333
6333
7333
8333
9333
1444
2444
3444
5444
6444
7444
8444
9444
1666
2666
3666
4666
5666
7666
8666
9666
1777
2777
3777
4777
5777
6777
8777
9777
1888
2888
3888
4888
5888
6888
7888
9888
1999
2999
3999
4999
5999
7999
8999
1231
1230
0123
0013
1083
000010
1043
796
00015
86
00011
4320
1074
292
282
000015
283
000016
0016
26
826
000013
8340
2016
2122
5515
2791
2554
7788
20000000
202020
303030
404040
505050
606060
707070
808080
909090
200000
300000
400000
500000
600000
700000
800000
1016
1017
1018
1019
000080
200002
300003
400004
500005
600006
700007
800008
900009
888666
666888
8035
86101
3400872567
855
4282
32101
3312
287
462/
2858
677
1229
3105
9997
1681
1407
2794203006
4286
2603
3059
837
4308
Ext100
Ext201
*100
294
783
5223
3137
3303
997
7134
1989
1001004
180016
cc100
david
6066
3903
2446
829
8282
cc110
1403
186
929
6127
1218
2442
20002
5632
6655
#48
8520
7776
3631
7531
353
239
327
3735
3114
8016
2734
5842
7795
1503
4044
422
1995
88812
5512
633
489
3323
8236
8018
20004
9790
95220
167
8023
3703
72
6960
322
2862
1412
89300
6616
3970
6019
1304
11003
885
15427
pstn
6125
3027
office
147
229
1447
585800
1553
225
1813
6606
6015
1812
5567
5508
2185
1330
1083323227
53500955
53500980
53500950
53505270
53500996
53500985
53500988
53500946
53500982
53505278
53505165
53505153
53505267
53505038
53505036
53505037
53505039
53505150
53505260
1083323230
53505023
53505133
50925074
53500940
53500957
53500987
53500960
53505086
53500965
53500968
53500964
53500963
53500967
53500962
53500966
1083323210
1083323229
1083323214
1083323224
1083323213
53505122
53505295
53505152
53505297
53505154
53505021
53500953
53500990
53500943
53500994
53500952
53505263
53500969
84186249
53505022
53505032
1083323226
1083323216
1083323207
1083323217
1083323206
1083323200
1083323225
1083323228
1083323209
1083323201
1083323218
1083323215
1083323202
1083323212
1083323223
1083323211
1083323221
1083323222
1083323220
1083323204
53505299
53505111
53505228
53505072
53505074
53505071
53505004
53505034
53505035
1083323203
53500999
53505266
53505136
53505222
50925087
53500984
53500951
53500989
53500992
50925142
53500944
50925080
50925145
53500972
53500977
50925072
53505171
53505176
50925069
53505237
53505121
53505173
50925083
53505294
53505293
50925147
53505230
53505232
53505238
53505234
50925148
53505206
53505207
50925084
53505264
53505269
53505277
50925079
53505261
53505265
50925146
53505209
50925075
50925140
50925073
50925071
1083323242
50925141
1083323368
1083323363
1083323384
1083323371
50925076
1083323376
1083323366
1083323244
50925144
1083323388
1083323246
1083323365
50925078
1083323243
1083323381
1083323378
1083323364
50925067
1083323362
1083323367
1083323372
50925143
1083323249
1083323241
1083323383
1083323361
50925240
53500986
53500956
53500949
50925244
53500948
53500941
53500958
50925247
50925241
50925245
53500975
53500976
53500970
50925242
1083323382
1083323245
1083323387
1083323374
53505170
53505175
53505178
50925246
53505174
53505179
50925248
53505087
50925243
1083323379
1083323360
1083323240
1083323370
59370162
1083323239
1083323377
1083323247
1083323385
59370175
53500974
53500971
59370169
53500945
53500981
53500954
53500997
59370165
53505229
53505233
59370170
53500973
53500978
50925044
53505177
53505172
53500979
50925054
53505208
53505262
53505268
50925037
53500947
53500959
53500998
53500993
50925047
1083323386
1083323248
1083323369
53505151
53500883
53500876
53500891
53500897
53500884
53500870
53500885
53500875
53500893
53500878
53500871
53500886
53500895
53500881
53500888
53500873
53500880
53500894
53500874
53500896
53500879
53500890
53500882
53500899
53500877
53500872
53500892
53500887
53500898
53505011
53505013
53505164
53505159
53505163
53505088
53505257
53505259
53505058
53505254
53505057
53505046
53505043
53505047
53505040
53505042
53505044
53505049
53505041
53505048
53505045
53505241
53505244
53505248
53505247
53505243
53505246
53505242
53505240
53505245
53505249
53505276
53505123
53505120
53505002
53505005
53505006
53505003
53505025
53505024
53505082
53505080
53505081
53505083
53505125
53505160
53505162
1083323205
1083323219
1083323208
53505027
53505030
53505029
53505031
53505033
53505028
53505286
53505281
53505287
53505280
53505284
53505283
53505288
53505285
53505289
3588
665001
665000
665005
665002
665009
665006
665008
665003
665007
665004
666003
666006
666005
666009
666004
666001
666008
666002
666007
100010
87252751
87203504
87200485
87252703
87203503
87203550
87252762
87200446
87200487
87200484
87252745
87252715
87252713
87252761
56789123402
87252754
4007075116
87200453
4007077668
87252792
4007075880
87200455
7748
3298
100103
100105
100112
1001111
6179098
165143
83424587
76397590
71561943
56989861
496
497
528
507164
532
28554401
28554400
527
507165
507113
507112
525
526
487
486
485
492
493
5070000
5071000
507122
507128
507129
507117
507116
507121
507120
533
534
507111
507110
5070013
5070012
5070011
5070014
5070015
5070016
507114
507115
5070017
5070018
5070019
5070020
507123
5070001
5070002
28554403
28554402
507124
507125
507126
507127
507132
507133
507131
507130
507135
507134
507137
507136
507139
507138
507019
507021
507020
5070022
5070021
5070023
507022
507023
507140
507141
523
524
507143
507142
507024
507025
507144
507050
507051
507146
507147
507148
507149
507151
507150
507026
507027
507028
507033
507034
507030
507032
507029
507031
507035
507152
507153
507155
507154
507037
507036
507039
507038
28554404
507157
507156
507158
507159
507040
507041
507161
507160
507043
507042
5071001
5071002
507044
507045
507046
507047
5070024
5070025
507162
507163
507048
507049
5070027
5070026
855461980
1998
2017
2018
2323
4321
4488
4848
5364
5662
6129
12321
12332
12369
13579
24680
45478
45678
54321
110110
110187
111986
112299
121212
123212
123321
123654
123789
123890
124709
125521
147258
159357
159753
159951
212121
222333
302010
314253
321123
321321
369852
369963
441960
456789
654321
654654
676767
753159
784512
987654
1002003
1011986
call
1222345
44441
55551
66661
77771
88881
99991
202122
23456789
3456
345
34567
345677
2765432
9123123
812123
801234
980123
9123456
601234
54667
343536
4343536
53435
666688
1230456
234056
3450678
4560789
6540789
645879
6645997
331997
664331
664339
882331
993771
991337
9137
9741
3102
6541
965410
9874520
98741236
987412365
87412365
963214587
635241789
938271456
646352
6431258
66355282
17792289
779886
3012458
933012
9327
96318
971628
363738
1415
1617
1819
232425
252627
282930
303132
7172
737475
712389
723456
645213
6912345
669123
966123
966
9666661
96666661
96666669
9669
96669
966669
9666669
696
69
6996
69996
699996
6999996
60000006
6000006
5000005
4000004
433334
53333335
15555551
4999994
699999996
69999996
68888886
9555559
455554
812345679
71234568
7128
8349
92310
40110
881000
992000
66012
a168168
12222
100035
10004
10005
100234
100585
10073
10100
10102
10123
10143
10154
101733
10190
10203
10215
102285
10234
1024
1028
102895
103656
1038
104062
1047
10700
10908
10909
10964
1098
11112
1115
111888
11199
11211
112349
1126
1128
1129
113132
11318
11335
1137
1140
11404
1143
11456
1146
11478
1150
11542
11548
1160
1165
1171
117101
1176
11800
1199
120014
1208
1209
12121
1220
1223
1227
1230268
1230367
12312
1232
1233
12333
1242
1250
1253
1256
126858
12731
1306
1370
1377
1380
1383
13865
1409
1413
142
143
1455
146
1480
149
1516
1519
1519*303
152
15217
153
154564
15477
1550
15518
15519
156
15686
1585
159
15900
1594
1602
1605
1609
16154
1624
16510
166
1664
16641
1676
168
16864
1689
1703
171819
172
173
1739
176
1767
177
17713
178
17938
18012
1806
1807
1809
1822
183
1832
18399
184539
1846
1864
1868
1872
188
1903
1908
192
1924
1926
193
197
19719
19750
198
1986
1990
1993
2000007
200001
20060
20199
202123
2023
2024
20278
20332
2035
203776
2039
20447
2049
205205
2069
2076
209061
2095
2099
21008
21010
2102
21039
2104
2106
2109
2117
2121
2124
21301
2134
21410
2146
2173
219437
219716
219719
2198
2207
2213
2215
22208
2233
22485
2253
226
2260
2267
227
2275
228
2290
2299
2302
2303
2316
232
23200
23212
2324
233
2345
23456
235
236
238
241697
24183
242
243
244
245
2450
248
2502
253
2540
2541
25509
255333
2575
2580
259
2596
25996
2606
26064
2616
2622
2627
2643
266
267
2677
269
2704
274
2745000
275
2775
278
279
28
2802
287144
287146
288
28810
28915
29
29000
29006
290083
29010
290486
29057
2919
292929
292980
293
293592
295
297
2987
2988
299
30041
3024
3025
3026
3029
3032
3038
3048
3053
306100
3063
306700
3084
3106
31113
3132
32
3205
3217
3218
32190
324
325
32548
3256
326
33026
3306
3314
334
3341
3352
3360
338
3392
3395
34
3402
3412
342
344
3440
34427
34466
34475
3467
348
349
3495
35
35004
3507
3508
3515
3522
35234
35237
35543
3557
3566
3633
36585
3689
369
3690
37815
378467
3799
38
3815
3842
39
3916
3921
393
394
39784
399
4015
402060
4024
4027
40404
4054
4058
40906
40998
4102
4103
4117
41226
4137
4181
4185
4188
42
4205
4208
425
425201
426
4299
43
43493
4403
44044
4409
44098
442
443746
4440
445
4457
447
44740
44884
452
4524
454
455
45545
456
4564
4567
457
45747
458
4614
462
465
4670
469
4712
4723
4755
4756
47779
48
483
4878
488
4880
49067
4907
4925
494
498
499
4992
500004
50054
50110
50111
50116
5053
50570
5058
*5100
5102
5104
5105
510510
5106
5107
5108
5109
*5111
5112
5113
5114
5115
5116
5117
5119
5120
5121
5123
5124
5125
5128
5129
5133
5143
5144
5146
5147
5151
*5160
5162
*5167
5169
5170
5171
*5171
5172
5177
5179
*5183
5184
*5192
52001
*5212
*5220
53
5332
53344
5336153
533630
5340
53504
5395
539561
539813
5413
5432
5459
5485
549
5513
552
553
5551
55522
555666
556001
55621
5583
558746
5605
5607
562
5624
564
566
5689
569
5690
5721
57443
57650
578
5805
58101
583
5915
5923
593
5931
5932
5960
598
5982
5988
599
60029
60036
6016
6049
6068
6069
6079
6098
6099
6102
6117
6130
61349
61623
62
6208
623
624
625
626
627
63
63116
6312
635
637
6418
6509
652
655
66001
66009
6605
6615
6620
66347
6660
66608
666444
6667
6680
6712
6723
673
678
686
6879
689
69012
6914
698
70004
7018
7036
7074
7104
7108
71122
7113
7114
7118
73
7302
73601
7430
7506
752
7522
754
7548
7550
7580
76
7619
762
7626
7657
7662
7664
7677
7687
76961
7709
7717
7727
7730
7744
7749
7766
7771
77713
7774
77772
7778
7816
7841
7865
7866
79
80005
80006
80255
8034
8036
8042
8087
8096
8130
8138
8162
8170
82088
823
8246
825
828
8280
82825
8297
82982
8305
8315
832
833
84
84002
8414
8433
844
8545
8566
8599
8604
8607
86115
86120
86975
8742
8760
8794
8802
8808
88105
8817
8822
8823
8828
8831
8848
886
887
88818
8882
88919
8899
8905
8906
89371
89374
894
895
900252
9014
9018
9029
9042
9056
9076
9077
90854
9086
9098
9099
9102
9109
9112
91139
9196
92
9205
9212
925
9250
92716
93
9352
94
95
9515
9521
9560
9632
9637
968
9681
9731
98018
9813
9814
9845
98543
9876
989
99001
9905
99101
9916
9964
9982
9985
9991
999130
999299
sab7302
sip0241437
sip0773770
sip100_lwb
sip1400903
sip2522320
sip3176310
sip500
sip5017232
sip5345311
sip5463902
sip8479780
sip8767567
0022
010
011
0112
0136
014
016
031
0389
0514
0545
059
063
0685
0800
sip
358136313
1997930415
1822088532
2333991892
4088354491
136563243
2576717564
4034513821
4212529099
2156855486
3673987136
1420681468
10011001
2193276118
100100100
4123502027
1100dump2527
1377807980
3649590803
2147698859
0134304413c4
460/
8ubظ?ôq
3943599076
3329990517
1928117154
4033128839
891358360
4189727777
CC100
Cc100
ic100
IC100
Ic100
ic1000
Ic1000
Ic1001
IC1001
ic1001
Ic1002
IC1002
ic1002
IC1003
ic1003
IC1004
ic1004
IC1005
ic1005
IC1006
ic1006
IC1007
ic1007
IC1008
ic1008
IC1009
ic1009
ic101
Ic101
Ic1010
IC1010
IC1011
IC1012
IC1013
IC1014
IC1015
IC1016
IC1017
IC1018
IC1019
ic102
Ic102
IC1020
IC1021
IC1022
IC1023
IC1024
IC1025
IC1026
IC1027
IC1028
IC1029
ic200
Ic200
ic2000
Ic2000
Ic2001
ic2001
Ic2002
ic2002
ic2003
ic2004
ic2005
ic2006
ic2007
ic2008
ic2009
ic201
Ic201
IC2010
ic2011
ic2012
ic2013
ic2014
ic2015
ic2016
ic2017
ic2018
ic2019
ic202
Ic202
Ic2020
ic2020
ic2021
ic2022
ic2023
ic2024
ic2025
ic2026
ic2027
ic2028
ic2029
ic2030
ic2031
ic2032
ic2033
ic2034
ic2035
ic2036
ic2037
ic2038
ic2039
ic2040
Ic2222
8014
8015
8017
8022
8024
8025
8026
8027
8028
cc102
cc103
cc104
cc105
cc106
cc107
cc108
cc109
cc201
cc202
cc203
cc211
cc214
cc200
CC200
Cc200
cc2000
CC2000
Cc2000
cc2002
CC2002
Cc2002
CC202
Cc202
cc2020
CC2020
Cc2020
cc222
CC222
Cc222
cc2222
CC2222
Cc2222
45613561
4007070017
4007071660
4007072148
4007079114
4007071004
4007072248
4007079876
4007070690
4007075679
4007070977
4007070776
4007075058
4007071963
4007071990
4007079879
4007070618
4007076687
4007077978
4007078253
4007070506
4007072969
4007077734
4007076387
4007070878
4007075009
4007072881
4007070315
4007078871
4007070668
13243143764
13026131733
18228147714
18336141744
15039601544
18136141744
18650375039
5.58596E+11
13506972939
13888888888
138888888
75526718500
15989879611
13826524492
13926558772
18026995888
13826524493
18072472382
1230123
1233211
1234569
1236540
1596321
7654321
7895123
10203040
11223344
11235813
12211221
12341234
12345671
12369874
12378900
15975346
18436572
19641031
19731973
40302010
45674567
66668888
73935216
74107410
74747474
87654321
123123123
123321456
123654789
147258369
147852369
314159265
321321321
741852963
789456123
888888888
987654321
1020304050
1029384756
1122334455
1212121212
1234512345
1234554321
1234567899
1357924680
1357986420
1357997531
2467913579
2468008642
2468013579
2468024680
2468097531
5040302010
5432154321
7894561230
8888888888
9876543210
9999999999
10203040506
12345678900
99999999999
gsm
1277
0701
8308
2997
333105
817453681
1261
8173
2516511730
225229339
508332875
506841854
2243159204
2263110261
760493008
1374883854
1509468634
1
8244
2026
2133
1458
1997
8309
user3
polycom
gsmgateway
8245
1262
2329344324
