100
park!2011
asd100
qwe100
123100
zxc100
100001
100100
100123
100qwe
100asd
100zxc
100pass
pass100
100password
password100
#12345678#
daoyou
12345678
1234
123456
102030
12345
password
abcd1234
11111
1111
00000
1000
1q2w3e4r5t
252525
11223344
123456q
12345a
4815162342
admin12345
123Abc
Abcd1234
qwerty1234
321321
voip1
voip123
123456#
phone123
abc1
abc@1
test1
test@1
sip1
sip@1
zxc1
qwe1
qwerty1
qwer1
a1
123@1
1231
passw0rd
qwerty
123456789
112233
1234qwer
123654
222222
123123123
gateway
88888888
555555
11111111
131313
777777
pass
111111
master
666666
7777777
fuckyou
121212
000000
qazwsx
123qwe
123321
1234567
123123
abc123
ext3050
888
pw100
sip@123
secret
secret@123
sip#123
voip
voip@123
voip#123
pass@123
100@123
1234321
#user#
$3cr3t
@12345
@123456
@123456a
1@abc
1@abcd
1@abcde
1@as
1@asd
1223!@#
12234!!!!
123!@#
123!@#123!@#
123!@#abcabc
123!@#asd
123!@#qwe
123!@#qweqwe
123!abc
123!q1w2e3
123.qwerty
123@
123@123
asd!@#
asd!@#$
asd!147852369
asd#1234
asd#1234!
asd#1234#
asd#1234@
asdasd123
asdasd123!123
cisco1234
guest
myp@ssw0rd
mypassword@123
online!123
online!1234
1q2w3e4r
696969
10
101
1001
108
200
2001
201
2002
3000
210
3001
4000
400
4001
5000
401
5001
222
6000
6001
300
7000
7001
301
8000
8001
9000
302
9001
410
310
320
420
111
333
44
22
33
444
4444
555
55
5555
55555
666
6666
66
66666
77
777
7777
77777
70
2222
22222
44444
402
403
405
407
411
500
501
502
510
520
506
600
601
602
604
608
610
6010
1010
3010
5010
4010
7010
9010
8010
1011
2011
3011
4011
5011
6011
7011
8011
9011
710
702
703
705
74
800
801
802
803
810
811
900
901
902
903
904
905
910
911
912
11
9
8
5
4
1050
1060
1022
1020
1021
1031
1030
1041
1051
1061
1070
1071
1080
1090
1091
1081
1088
1099
1077
1073
1063
1052
1033
1023
1012
1013
1105
1110
1112
1113
1102
1109
1120
3301
3230
3302
3330
2220
2201
1119
999
99
9999
99999
10000
10001
20001
20003
10002
40001
40002
50001
50000
40000
50002
60000
60001
60002
70000
70001
70002
80000
80001
80002
90000
90001
90002
80
90
50
60
40
7800
8002
8501
9301
224
3501
8100
7600
default
6801
8401
9700
1901
8800
5101
7101
1700
1801
1004
209
3400
2230
2100
?Cs
5700
5701
7301
test
5801
206
admin
6501
1301
6900
3500
2600
6800
8301
9701
6300
8801
9500
2200
7701
1800
7401
8009
5901
2801
4201
4100
9900
3300
1501
109
9600
4600
6500
7201
603
5201
3801
3900
6600
7801
7100
3004
7400
3201
4500
6003
5200
4900
112
9300
8019
4801
7200
1601
3901
8200
1200
2800
2701
1100
3100
4800
2010
cc123
1003
5100
1078
6301
sip
phone
5800
8300
4501
5500
103
8900
5004
150
2301
fax
7501
1500
3200
1900
2700
3700
1101
2022
6700
2400
2901
5501
4601
160
33333
6701
701
8600
130
120
110
140
141
131
121
151
161
170
171
180
181
190
191
260
270
280
290
3232
9801
1701
8700
1600
5301
4101
3101
4400
9201
1014
5401
4901
2300
2601
9401
9400
202
3701
3800
4200
2401
6901
221
2900
8201
3601
102
8601
700
5400
7700
21000
2000
9101
6101
5900
12
123
1234567890
6601
4401
1300
1040
1515
8500
88888
1201
8701
20500
9601
105
8888
3600
cc101
6200
2501
9501
7900
4701
9901
9800
4301
7601
3401
1401
88
user
6400
5601
110011
5300
1002
9200
6100
8101
7002
223
7901
4300
8400
6201
7500
4700
8901
9100
1400
3333
2101
6401
5600
7300
2500
1
ODN
9009
203
408
5005
135
1000001
316
1212
107
3331
505
707
439
4030
215
ailable
000
NENO
4002
555000
12001
11004
7022
9023
44193
NULL
985000
30000000
20
6105
1213
9005
442030510988
50005
'or'1=1
2005
3031
a505050
ANONYMOUS
6662222
DEMO
nobo
321
960
1008
6060
NONE
0001
00001
01
001
2
test2
2240
124
8240
14
144
4140
87
6240
1094
2140
8140
660
305
223344
360
164
1313
neno
2202
Cisco
230
36
6140
134
0005
3040
2060
9007
0123456
1000000
test123
admin123
123abc123
100abc100
888888
11101
MS00038424
1331
demo
dave
187
199
3060
165
195
15
2150
37
6150
2250
10011
797
59011
200200
9019
Anonymous
*****
304
606
6006
906
0011
1122
711
145
6250
1005
96
460
776
16
175
21
806
10022
0012
46
0002
0007
2320
1054
252
user1
user101
cc1001
1034
1044
1064
1027
185
155
8150
4150
4250
10030
00012
1055
999999
3
6
7
30
31
41
51
61
71
81
91
11100
111000
22200
222000
33300
333000
44400
444000
55500
66600
666000
77700
777000
88800
888000
99900
999000
1555
2555
002
02
03
003
0003
04
004
0004
005
05
006
0006
007
07
008
0008
08
009
0009
09
10012
00007
47
8210
6210
test12
4060
17
760
2210
4210
1111111
10018
1072
97
3002
2310
8310
8220
6220
560
18
786
1042
56
1032
1092
4220
10019
00010
1082
251
00009
1062
4310
00014
7060
23
8230
6230
1093
6310
291
19
5060
281
24
000014
10031
1006
57
860
6320
8320
10020
4230
0015
1007
1065
8060
8330
1035
25
1045
8250
1095
1085
263
4330
2330
6330
622
abc
2525
2221
2227
4447
2228
4448
27
3121
104
0000000
00000000
300300
400400
1111111111
111111111
22222222
222222222
2222222222
333333
33333333
333333333
3333333333
444444
44444444
444444444
4444444444
55555555
555555555
5555555555
66666666
666666666
6666666666
77777777
777777777
7777777777
99999999
999999999
6005
8008
664
303
669
risk
11002
108704
580000
80471
1372
1125CH
33014
hAbY
852
80003
334455
445566
556677
admin10
199601
sipcall
sipcall1
1hAbY
1000005
10000001
5000000
9000000
helene88
10009
2009
2006
600000000

207
234
10.30
106
204
205
208
1048
213
118
611
312
313
214
314
315
216
250
255
0
13
311
115
511
00
1214
390
9044
113
114
116
117
119
122
125
126
127
128
129
132
307
133
212
217
218
219
220
231
240
241
261
271
308
309
317
318
319
331
340
341
350
351
361
370
371
380
381
391
404
406
412
413
414
415
416
417
418
419
421
430
431
440
441
450
451
461
470
471
480
481
490
491
503
504
507
508
509
512
513
514
515
516
517
518
519
521
522
530
531
540
541
550
551
561
570
571
580
581
590
591
607
609
612
613
614
615
616
617
618
619
620
621
630
631
640
641
650
651
670
671
680
681
690
691
706
708
709
712
713
714
715
716
717
718
719
720
721
730
731
740
2000000
7006
805
7004
704
2255
10551
100000
1216
3133
1015
2020
2015
2019
6007
6012
1312
2346
6773
3688
1406
1305
4240
4917
5811
4828
2399
4014
5015
1121
2014
1009
2007
2008
2012
2013
741
750
751
761
770
771
780
781
790
791
804
807
808
809
812
813
814
815
816
817
818
819
820
821
830
831
840
841
851
861
870
871
880
881
890
891
907
908
909
913
914
915
916
917
918
919
920
921
930
931
940
941
950
961
970
971
980
824
981
990
991
10.40
'or''=''or''='
12024
900000
90000000
3225
3525
3425
2125
3125
3325
636
1950
1650
1850
1053
1056
1049
3550
2950
3250
3450
3650
4050
3350
3950
4550
3850
2050
3750
3151
3152
3154
3155
3156
3157
3158
3159
661
663
1175
665
667
668
3575
3275
3175
3475
3375
409
5002
605
306
11000
8888888
5050
6002
6020
6004
9006
0110
2212
120000
6666666
Password
951
2030
211
953
850
4003
1414
1221
1236
1456
5550000
asterisk
101010
0000000000
3020
4020
2222222
3333333
4444444
5555555
9999999
WTI_SIP_Se
8080
10101
3030
4040
5030
6999
2040
2070
2080
2090
10010
110002
500001
400001
330001
410001
110001
300001
250001
350001
360001
380001
310001
320001
abc100
390001
370001
1111111111111
0010011
85
155555555555
189
2021
136
137
138
139
1103
0000
0010
330
7009
9003
7167
1084
766
10021
000011
194
184
154
00005
174
1025
1075
767
06
1210
1211
1310
1311
1410
1411
1510
1511
1610
1611
1710
1711
1810
1811
1910
1911
2003
2004
2031
2041
2051
2061
2071
2081
2091
2110
2111
2211
2311
2410
2411
2510
2511
2610
2611
2710
2711
2810
2811
2910
2911
3003
3005
3006
3007
3008
3009
3012
3013
3021
3041
3050
3051
3061
3070
3071
3080
3081
3090
3091
3110
3111
3210
3211
3310
3311
3410
3411
3510
3511
3610
3611
3710
3711
3810
3811
3910
3911
4004
4005
4006
4007
4008
4009
4012
4013
4021
4031
4041
4051
4061
4070
4071
4080
4081
4090
4091
4110
4111
4211
4311
4410
4411
4510
4511
4610
4611
4710
4711
4810
4811
4910
4911
5003
5006
5007
5008
5009
5012
5013
5020
5021
5031
5040
5041
5051
5061
5070
5071
5080
5081
5090
5091
5110
5111
5210
5211
5310
5311
5410
5411
5510
5511
5610
5611
5710
5711
5810
5910
5911
6008
6009
6013
6021
6030
6031
6040
6041
6050
6051
6061
6070
6071
6080
6081
6090
6091
6110
6111
6211
6311
6410
6411
6510
6511
6610
6611
6710
6711
6810
6811
6910
6911
7003
7005
7007
7008
7012
7013
7020
7021
7030
7031
7040
7041
7050
7051
7061
7070
7071
7080
7081
7090
7091
7110
7111
7210
7211
7310
7311
7410
7411
7510
7511
7610
7611
7710
7711
7810
7811
7910
7911
8003
8004
8005
8006
8007
8012
8013
8020
8021
8030
8031
8040
8041
8050
8051
8061
8070
8071
8081
8090
8091
8110
8111
8211
8311
8410
8411
8510
8511
8610
8611
8710
8711
8810
8811
8910
8911
9002
9004
9008
9012
9013
9020
9021
9030
9031
9040
9041
9050
9051
9060
9061
9070
9071
9080
9081
9090
9091
9110
9111
9210
9211
9310
9311
9410
9411
9510
9511
9610
9611
9710
9711
9810
9811
9910
9911
20000
30000
30001
11001
21001
31000
31001
41000
41001
51000
51001
61000
61001
71000
71001
81000
81001
91000
91001
12000
13000
13001
14000
14001
15000
15001
16000
16001
17000
17001
18000
18001
19000
19001
3555
4555
6555
7555
8555
9555
1222
3222
4222
5222
6222
7222
8222
9222
1333
2333
4333
5333
6333
7333
8333
9333
1444
2444
3444
5444
6444
7444
8444
9444
1666
2666
3666
4666
5666
7666
8666
9666
1777
2777
3777
4777
5777
6777
8777
9777
1888
2888
3888
4888
5888
6888
7888
9888
1999
2999
3999
4999
5999
7999
8999
1230
0123
0013
1083
000010
1043
796
00015
86
00011
4320
1074
292
282
000015
283
000016
0016
26
826
000013
8340
2016
sip123
2122
5515
2791
2554
7788
20000000
pm897r98nNOLI8as
202020
303030
404040
505050
606060
707070
808080
909090
200000
300000
400000
500000
600000
700000
800000
1016
1017
1018
1019
qaz1000
Tiger
Lion
hg532e
000080
maro1010
200002
300003
400004
500005
600006
700007
800008
900009
888666
666888
8035
86101
3400872567
Jeff
855
4282
32101
3312
287
462/
2858
677
1229
3105
9997
1681
1407
2794203006
48)?e
%Bf8'
4286
358136313
2603
3059
1997930415
837
4308
Ext100
Ars#h
*100
294
783
5223
1822088532
2333991892
keith
3137
3303
997
7134
1989
1001004
180016
cc100
david
6066
3903
2446
829
8282
cc110
4088354491
136563243
2576717564
4034513821
4212529099
2156855486
3673987136
1420681468
10011001
a9ef084313c4
&•#pi
2193276118
7iPgT
ACtGQ
100100100
4123502027
1100dump2527
1377807980
3649590803
1403
2147698859
186
929
0134304413c4
6127
C
1218
2442
20002
5632
6655
#48
8520
7776
3631
7531
353
239
327
3735
3114
8016
2734
5842
7795
1503
4044
422
460/
1995
88812
5512
633
489
3323
8236
8018
20004
8ubظ?ôq
9790
95220
167
8023
3703
72
6960
322
2862
1412
89300
6616
3970
6019
1304
11003
885
15427
pstn
6125
3027
3943599076
3329990517
office
147
229
1447
585800
1553
225
1928117154
4033128839
891358360
4189727777
CC100
Cc100
ic100
IC100
Ic100
ic1000
Ic1000
Ic1001
IC1001
ic1001
Ic1002
IC1002
ic1002
IC1003
ic1003
IC1004
ic1004
IC1005
ic1005
IC1006
ic1006
IC1007
ic1007
IC1008
ic1008
IC1009
ic1009
ic101
Ic101
Ic1010
IC1010
IC1011
IC1012
IC1013
IC1014
IC1015
IC1016
IC1017
IC1018
IC1019
ic102
Ic102
IC1020
IC1021
IC1022
IC1023
IC1024
IC1025
IC1026
IC1027
IC1028
IC1029
ic200
Ic200
ic2000
Ic2000
Ic2001
ic2001
Ic2002
ic2002
ic2003
ic2004
ic2005
ic2006
ic2007
ic2008
ic2009
ic201
Ic201
IC2010
ic2011
ic2012
ic2013
ic2014
ic2015
ic2016
ic2017
ic2018
ic2019
ic202
Ic202
Ic2020
ic2020
ic2021
ic2022
ic2023
ic2024
ic2025
ic2026
ic2027
ic2028
ic2029
ic2030
ic2031
ic2032
ic2033
ic2034
ic2035
ic2036
ic2037
ic2038
ic2039
ic2040
Ic2222
8014
8015
8017
8022
8024
8025
8026
8027
8028
cc102
cc103
cc104
cc105
cc106
cc107
cc108
cc109
cc201
cc202
cc203
cc211
cc214
cc200
CC200
Cc200
cc2000
CC2000
Cc2000
cc2002
CC2002
Cc2002
CC202
Cc202
cc2020
CC2020
Cc2020
cc222
CC222
Cc222
cc2222
CC2222
Cc2222
1813
6606
6015
1812
5567
5508
2185
1330
1083323227
53500955
53500980
53500950
53505270
53500996
53500985
53500988
53500946
53500982
53505278
53505165
53505153
53505267
53505038
53505036
53505037
53505039
53505150
53505260
1083323230
53505023
53505133
50925074
53500940
53500957
53500987
53500960
53505086
53500965
53500968
53500964
53500963
53500967
53500962
53500966
1083323210
1083323229
1083323214
1083323224
1083323213
53505122
53505295
53505152
53505297
53505154
53505021
53500953
53500990
53500943
53500994
53500952
53505263
53500969
84186249
53505022
53505032
1083323226
1083323216
1083323207
1083323217
1083323206
1083323200
1083323225
1083323228
1083323209
1083323201
1083323218
1083323215
1083323202
1083323212
1083323223
1083323211
1083323221
1083323222
1083323220
1083323204
53505299
53505111
53505228
53505072
53505074
53505071
53505004
53505034
53505035
1083323203
53500999
53505266
53505136
53505222
50925087
53500984
53500951
53500989
53500992
50925142
53500944
50925080
50925145
53500972
53500977
50925072
53505171
53505176
50925069
53505237
53505121
53505173
50925083
53505294
53505293
50925147
53505230
53505232
53505238
53505234
50925148
53505206
53505207
50925084
53505264
53505269
53505277
50925079
53505261
53505265
50925146
53505209
50925075
50925140
50925073
50925071
1083323242
50925141
1083323368
1083323363
1083323384
1083323371
50925076
1083323376
1083323366
1083323244
50925144
1083323388
1083323246
1083323365
50925078
1083323243
1083323381
1083323378
1083323364
50925067
1083323362
1083323367
1083323372
50925143
1083323249
1083323241
1083323383
1083323361
50925240
53500986
53500956
53500949
50925244
53500948
53500941
53500958
50925247
50925241
50925245
53500975
53500976
53500970
50925242
1083323382
1083323245
1083323387
1083323374
53505170
53505175
53505178
50925246
53505174
53505179
50925248
53505087
50925243
1083323379
1083323360
1083323240
1083323370
59370162
1083323239
1083323377
1083323247
1083323385
59370175
53500974
53500971
59370169
53500945
53500981
53500954
53500997
59370165
53505229
53505233
59370170
53500973
53500978
50925044
53505177
53505172
53500979
50925054
53505208
53505262
53505268
50925037
53500947
53500959
53500998
53500993
50925047
1083323386
1083323248
1083323369
53505151
53500883
53500876
53500891
53500897
53500884
53500870
53500885
53500875
53500893
53500878
53500871
53500886
53500895
53500881
53500888
53500873
53500880
53500894
53500874
53500896
53500879
53500890
53500882
53500899
53500877
53500872
53500892
53500887
53500898
53505011
53505013
53505164
53505159
53505163
53505088
53505257
53505259
53505058
53505254
53505057
53505046
53505043
53505047
53505040
53505042
53505044
53505049
53505041
53505048
53505045
53505241
53505244
53505248
53505247
53505243
53505246
53505242
53505240
53505245
53505249
53505276
53505123
53505120
53505002
53505005
53505006
53505003
53505025
53505024
53505082
53505080
53505081
53505083
53505125
53505160
53505162
1083323205
1083323219
1083323208
53505027
53505030
53505029
53505031
53505033
53505028
53505286
53505281
53505287
53505280
53505284
53505283
53505288
53505285
53505289
3588
665001
665000
665005
665002
665009
665006
665008
665003
665007
665004
666003
666006
666005
666009
666004
666001
666008
666002
666007
100010
45613561
4007070017
4007071660
4007072148
4007079114
4007071004
4007072248
4007079876
4007070690
4007075679
4007070977
4007070776
4007075058
4007071963
4007071990
4007079879
4007070618
4007076687
4007077978
4007078253
4007070506
4007072969
4007077734
4007076387
4007070878
4007075009
4007072881
4007070315
4007078871
87252751
87203504
87200485
87252703
87203503
87203550
87252762
87200446
87200487
87200484
87252745
87252715
87252713
87252761
56789123402
87252754
4007075116
87200453
4007077668
87252792
4007075880
87200455
4007070668
13243143764
13026131733
18228147714
18336141744
15039601544
18136141744
7748
3298
100103
100105
100112
18650375039
1001111
5.58596E+11
13506972939
13888888888
138888888
6179098
165143
83424587
76397590
71561943
56989861
75526718500
15989879611
13826524492
13926558772
18026995888
13826524493
18072472382
496
497
528
507164
532
28554401
28554400
527
507165
507113
507112
525
526
487
486
485
492
493
5070000
5071000
507122
507128
507129
507117
507116
507121
507120
533
534
507111
507110
5070013
5070012
5070011
5070014
5070015
5070016
507114
507115
5070017
5070018
5070019
5070020
507123
5070001
5070002
28554403
28554402
507124
507125
507126
507127
507132
507133
507131
507130
507135
507134
507137
507136
507139
507138
507019
507021
507020
5070022
5070021
5070023
507022
507023
507140
507141
523
524
507143
507142
507024
507025
507144
507050
507051
507146
507147
507148
507149
507151
507150
507026
507027
507028
507033
507034
507030
507032
507029
507031
507035
507152
507153
507155
507154
507037
507036
507039
507038
28554404
507157
507156
507158
507159
507040
507041
507161
507160
507043
507042
5071001
5071002
507044
507045
507046
507047
5070024
5070025
507162
507163
507048
507049
5070027
5070026
85546
ip100100
Aa100
qwerty123
100abc
user100
sip100
voip100
qwe123
qwe1234
100aa
aa100
aaa123
asd123
asd1234
asdf1234
1234asdf
123abc
phone100
100phone
secret100
100secret
test100
100test
qaz100
abc1234
abc12345
123phone
sip1234
pass123
pass1234
test1234
password123
password1234
secret123
secret1234
phone1234
123asdf
100aaa
qwerty12345
111222333
support100
123asd
voip1234
1Q2w3e4r
1q2w3e4r5t6y
1q2w3e
1qaz2wsx
1qaz2wsx3edc
qwerty100
987654321
87654321
7654321
654321
eq78x2es
jrz3l9rb
5uz5jh16
5mi6bdmg
tH8M3ed3bf
password1
iloveyou
123456a
qwertyuiop
monkey
dragon
myspace1
a123456
tinkle
target123
gwerty
1g2w3e4r
gwerty123
zag12wsx
zxcvbnm
asdfghjkl
computer
aaaaaa
159753
iloveyou1
fuckyou1
princess
789456123
princess1
linkedin
michael
sunshine
football
j38ifUbn
monkey1
football1
daniel
azerty
a12345
123456789a
789456
asdfgh
love123
jordan23
5201314
12qwaszx
FQRG7CS493
ashley
asdf
superman
jessica
love
samsung
shadow
blink182
michael1
babygirl1
jesus1
qwert
k.:
baseball
charlie
hello1
soccer
killer
gfhjkm
0123456789
987654
iloveyou2
angel1
jordan
147258369
bitch1
michelle
q1w2e3r4
jessica1
qwer1234
159357
soccer1
liverpool
zxcvbn
thomas
asdasd
fuckyou2
justin
nicole
qazwsxedc
baseball1
andrew
hello
apple
0987654321
anthony1
money1
parola
147258
anthony
111222
jennifer
number1
naruto
joshua
golfer
29rsavoy
myspace
andrea
basketball
qwerty12
charlie1
asshole1
hunter
marina
welcome
010203
superman1
password12
xbox360
sunshine1
ashley1
lovely
babygirl
!
trustno1
chocolate
buster
summer
tigger
purple
freedom
loveme
matthew
50cent
password2
maggie
george
chelsea
12341234
amanda
hannah
q1w2e3
friends
shadow1
william
abcdefg
samantha
12344321
nicole1
q1w2e3r4t5y6
robert
mother
jordan1
letmein
qweasdzxc
212121
pokemon
$HEX
internet
batman
love12
a123456789
VQsaBLPzLa
qweqwe
hello123
232323
butterfly
martin
flower
forever
mustang
1qazxsw2
iloveu
cjmasterinf
orange
harley
brandon1
london
1234567891
pepper
chris1
lol123
abcdef
whatever
1342
alexander
loveyou
290966
wall.e
junior
12413
qweasd
PE#5GZ29PTZMSE
tudelft
dpbk1234
DIOSESFIEL
U38fa39
147852
cookie
family
jasmine
dragon1
12345q
nikita
pakistan
123654789
123789
amanda1
joseph
happy1
ginger
:
matthew1
snoopy
justin1
lastfm
3rJs1la7qE
??????????????????
antonio
barcelona
matrix
computer1
hottie1
sophie
sandra
michelle1
12345678910
qqqqqq
arsenal
brandon
daniel1
jonathan
killer1
liverpool1
mickey
ghbdtn
purple1
mercedes
patrick
diamond
456789
victoria
asshole
taylor
qwertyu
andrew1
red123
lucky1
eminem
12345qwert
111222tianya
yellow
william1
bailey
angel
chicken1
richard
banana
jasmine1
benjamin
welcome1
starwars
hunter1
cheese
melissa
angela
christian
1234554321
oliver
chocolate1
butterfly1
peanut
hockey
mylove
natasha
mommy1
1234561
q1w2e3r4t5
america
monster
school
456123
james1
slipknot
hannah1
zaq12wsx
chicken
147852369
gabriel
elizabeth
cookie1
Status
robert1
ferrari
nathan
1password
buddy1
1314520
america1
metallica
chelsea1
zzzzzz
prince
adidas
jackson
morgan
rainbow
silver
1234567a
angels
iw14Fi9j
loveme1
juventus
jennifer1
!~!1
bubbles
samuel
fuckoff
lovers
cheese1
madison
elizabeth1
music
buster1
lauren
david1
tigger1
123qweasd
taylor1
carlos
tinkerbell
samantha1
Sojdlg123aljg
joshua1
poop
stella
myspace123
asdasd5
freedom1
whatever1
xxxxxx
valentina
a1b2c3
741852963
austin
monica
qaz123
lovely1
music1
harley1
family1
spongebob1
steven
nirvana
1234abcd
hellokitty
thomas1
madison1
daddy1
summer1
cocacola
nicholas
zxc123
123456m
qwertyui
spiderman
vanessa
diamond1
142536
danielle
badoo
7758521
bandit
pokemon1
mustang1
alexis
loulou
justinbieb
yamaha
qwert1
scooter
rachel
tennis
ronaldo
i
mexico1
friends1
victor
maggie1
asdfasdf
lover1
jesus
123hfjdk147
nicolas
batman1
weed420
loser1
123456j
iloveyou!
pepper1
fuckoff1
555666
iloveu2
sabrina
pussy1
bubbles1
098765
master1
smokey
a1b2c3d4
123456789q
qwaszx
heather
jasper
booboo
heather1
peanut1
chester
123456s
123456b
google
edward
yankees1
canada
Exigent
destiny
success
nigger1
135790
asdfghjkl1
124578
casper
lalala
mother1
sexy123
qazxsw
naruto1
money
yellow1
patrick1
flower1
12121212
alexander1
raiders1
Password1
sebastian
134679
zxcvbnm1
dennis
852456
hahaha
daniela
ginger1
olivia
melissa1
010101
slipknot1
spiderman1
cowboys1
rebecca
741852
jeremy
a1234567
dakota
123456d
1a2b3c
apple1
november
alexandra
159951
iloveu1
veronica
fuckme1
baby123
yankees
stupid1
cristina
newyork1
jackson1
playboy
friend
iloveyou12
sammy1
pimpin1
phoenix
PolniyPizdec0211
rocky1
password!
joseph1
753951
p
a838hfiD
richard1
beautiful1
mickey1
carolina
j123456
newyork
patricia
charles
stephanie
orange1
m123456
421uiopy258
myspace2
cameron
spider
barbie
woaini
vincent
mexico
scorpion
monster1
aaaaa
elephant
asdf123
963852741
zk.:
guitar
fucker1
destiny1
hotmail
johnny
doudou
q123456
bailey1
asdfgh1
fucker
louise
sparky
sweety
123456abc
shorty1
booboo1
december
9876543210
manchester
midnight
246810
jessie
dallas
austin1
s123456
12345678a
claudia
?????????????????????
kristina
lakers
lovelove
crazy1
tiger1
thunder
dolphin
a
gangsta1
jackie
151515
charlotte
scooter1
caroline
fuck
merlin
junior1
super123
scooby
marseille
aaaa
metallica1
kitty1
chris
beautiful
black1
danielle1
blessed1
skater1
1029384756
qazwsx123
456456
b123456
genius
guitar1
tyler1
peaches
california
sakura
tigers
soleil
lauren1
green1
smokey1
cooper
520520
muffin
christian1
love13
fucku2
arsenal1
lucky7
diablo
apples
george1
babyboy1
crystal
1122334455
player1
aa123456
vfhbyf
forever1
winston
chivas1
sexy
hockey1
1a2b3c4d
pussy
playboy1
stalker
cherry
tweety
toyota
creative
gemini
pretty1
????????????????????????
maverick
brittany1
nathan1
letmein1
cameron1
secret1
google1
heaven
martina
murphy
spongebob
uQA9Ebw445
fernando
pretty
startfinding
softball
dolphin1
fuckme
kobe24
alejandro
adrian
september
aaaaaa1
bubba1
isabella
abc123456
password3
jason1
abcdefg123
loveyou1
shannon
100200
manuel
leonardo
molly1
flowers
123456z
007007
password.
miguel
samsung1
sergey
sweet1
windows
qwert123
vfrcbv
poohbear
d123456
school1
badboy
951753
123456c
steven1
snoopy1
garfield
YAgjecc826
compaq
candy1
sarah1
qwerty123456
123456l
eminem1
141414
789789
maria
steelers
iloveme1
morgan1
winner
boomer
lolita
nastya
alexis1
carmen
angelo
nicholas1
portugal
precious
jackass1
jonathan1
yfnfif
bitch
tiffany
rabbit
rainbow1
angel123
popcorn
barbara
brandy
fuckyou!
starwars1
barney
natalia
hiphop
tiffany1
shorty
poohbear1
simone
albert
marlboro
hardcore
cowboys
sydney
alex
scorpio
1234512345
q12345
qq123456
onelove
bond007
abcdefg1
eagles
crystal1
azertyuiop
winter
sexy12
angelina
james
svetlana
fatima
123456k
icecream
popcorn1
121314
john316
qazwsx1
victoria1
twilight
iloveme
9379992
dancer
brittany
beauty
bonjour
maxwell
coffee
dexter
454545
qazqaz
snickers
love11
samson
aaaaaaaa
swordfish
fyfcnfcbz
abcd123
aaa111
natalie
hottie
passion
alyssa
rockstar1
lovers1
florida
alicia
happy
blue123
123456t
ranger
yourmom1
pumpkin
denise
edward1
tweety1
christine
august
54321
bella1
marie1
seven7
steelers1
aaaaa1
shannon1
amber1
cutie1
peaches1
florida1
bonnie
stephanie1
lollipop
cassie
k.
rachel1
greenday1
krishna
teresa
october
iverson3
motorola
rockstar
hahaha1
police
lakers24
fylhtq
andrey
loveme2
turtle
southside1
baby
bismillah
pa55word
blessed
emmanuel
666999
012345
fluffy
stupid
karina
fishing
musica
password11
love4ever
melanie
greenday
isabelle
nothing
abcd
chicago
cowboy
mnbvcxz
andrea1
242424
babygurl1
santiago
ssssss
kevin1
lakers1
chester1
321654
kimberly
carlos1
z123456
daisy1
jackass
m
zoosk
boston
happy123
satan666
111111a
pamela
090909
francesco
horses
456852
qwer
vanessa1
redsox
pookie
a12345678
110110
tucker
marley
corvette
778899
realmadrid
raiders
rangers
people
1123581321
soccer12
sayang
shelby
christ
12345t
fktrcfylh
kitten
player
c123456
qwert12345
baby12
trinity
1v7Upjw3nT
p@ssw0rd
thunder1
zxcvbnm123
midnight1
lebron23
golden
strawberry
orlando
love1234
lucky13
asdfg1
marine
soccer10
12222
44441
55551
66661
77771
88881
99991
202122
23456789
3456
345
34567
345677
2765432
9123123
812123
801234
980123
9123456
601234
54667
45678
343536
4343536
53435
666688
1230456
234056
3450678
4560789
6540789
645879
6645997
331997
664331
664339
882331
993771
991337
9137
9741
3102
6541
965410
9874520
98741236
987412365
87412365
963214587
635241789
938271456
646352
6431258
66355282
17792289
779886
3012458
933012
9327
96318
971628
363738
1415
1617
1819
232425
252627
282930
303132
7172
737475
712389
723456
645213
6912345
669123
966123
966
9666661
96666661
96666669
9669
96669
966669
9666669
696
69
6996
69996
699996
6999996
60000006
6000006
5000005
4000004
433334
53333335
15555551
4999994
699999996
69999996
68888886
9555559
455554
812345679
71234568
7128
8349
92310
40110
881000
992000
66012
call
10111
10222
10333
10444
10555
10666
10777
10888
10999
101111
102222
103333
104444
105555
106666
107777
108888
1011111
1022222
1033333
1044444
1055555
1066666
1077777
1088888
1099999
10000000
10111111
10222222
10333333
10444444
10555555
10666666
10777777
10888888
10999999
90111
90222
90333
90444
90555
90666
90777
90888
90999
901111
902222
903333
904444
905555
906666
907777
908888
9011111
9022222
9033333
9044444
9055555
9066666
9077777
9088888
9099999
90111111
90222222
90333333
90444444
90555555
90666666
90777777
90888888
90999999
1066
100111
100222
100333
100444
100555
100666
100777
100888
100999
1002222
1003333
1004444
1005555
1006666
1007777
1008888
10011111
10022222
10033333
10044444
10055555
10066666
10077777
10088888
10099999
100000000
100111111
100222222
100333333
100444444
100555555
100666666
100777777
100888888
100999999
10033
10044
10055
10066
10077
10088
10099
10000111
10000222
10000333
10000444
10000555
10000666
10000777
10000888
10000999
100001111
100002222
100003333
100004444
100005555
100006666
100007777
100008888
1000000000
1000011111
1000022222
1000033333
1000044444
1000055555
1000066666
1000077777
1000088888
1000099999
10000000000
10000111111
10000222222
10000333333
10000444444
10000555555
10000666666
10000777777
10000888888
10000999999
1000011
1000022
1000033
1000044
1000055
1000066
1000077
1000088
1000099
100002
100003
100004
100005
100006
100007
100008
100009
101222
101333
101444
101555
101666
101777
101888
101999
1012222
1013333
1014444
1015555
1016666
1017777
1018888
101000
1010000
10100000
10122222
10133333
10144444
10155555
10166666
10177777
10188888
10199999
101000000
101111111
101222222
101333333
101444444
101555555
101666666
101777777
101888888
101999999
10100
10122
10133
10144
10155
10166
10177
10188
10199
9022
9033
9055
9066
9077
9088
9099
909111
909222
909333
909444
909555
909666
909777
909888
909999
9091111
9092222
9093333
9094444
9095555
9096666
9097777
9098888
909000
9090000
90900000
90911111
90922222
90933333
90944444
90955555
90966666
90977777
90988888
909000000
909111111
909222222
909333333
909444444
909555555
909666666
909777777
909888888
909999999
90900
90911
90922
90933
90944
90955
90966
90977
90988
9092
9093
9094
9095
9096
9097
9098
900111
900222
900333
900444
900555
900666
900777
900888
900999
9001111
9002222
9003333
9004444
9005555
9006666
9007777
9008888
90011111
90022222
90033333
90044444
90055555
90066666
90077777
90088888
90099999
900000000
900111111
900222222
900333333
900444444
900555555
900666666
900777777
900888888
900999999
90011
90022
90033
90044
90055
90066
90077
90088
90099
800111
800222
800333
800444
800555
800666
800777
800888
800999
8001111
8002222
8003333
8004444
8005555
8006666
8007777
8008888
8000000
80000000
80011111
80022222
80033333
80044444
80055555
80066666
80077777
80088888
80099999
800000000
800111111
800222222
800333333
800444444
800555555
800666666
800777777
800888888
800999999
80011
80022
80033
80044
80055
80066
80077
80088
80099
700111
700222
700333
700444
700555
700666
700777
700888
700999
7001111
7002222
7003333
7004444
7005555
7006666
7007777
7008888
7000000
70000000
70011111
70022222
70033333
70044444
70055555
70066666
70077777
70088888
70099999
700000000
700111111
700222222
700333333
700444444
700555555
700666666
700777777
700888888
700999999
70011
70022
70033
70044
70055
70066
70077
70088
70099
500111
500222
500333
500444
500555
500666
500777
500888
500999
5001111
5002222
5003333
5004444
5005555
5006666
5007777
5008888
50000000
50011111
50022222
50033333
50044444
50055555
50066666
50077777
50088888
50099999
500000000
500111111
500222222
500333333
500444444
500555555
500666666
500777777
500888888
500999999
50011
50022
50033
50044
50055
50066
50077
50088
50099
400111
400222
400333
400444
400555
400666
400777
400888
400999
4001111
4002222
4003333
4004444
4005555
4006666
4007777
4008888
4000000
40000000
40011111
40022222
40033333
40044444
40055555
40066666
40077777
40088888
40099999
400000000
400111111
400222222
400333333
400444444
400555555
400666666
400777777
400888888
400999999
40011
40022
40033
40044
40055
40066
40077
40088
40099
300111
300222
300333
300444
300555
300666
300777
300888
300999
3001111
3002222
3003333
3004444
3005555
3006666
3007777
3008888
3000000
30011111
30022222
30033333
30044444
30055555
30066666
30077777
30088888
30099999
300000000
300111111
300222222
300333333
300444444
300555555
300666666
300777777
300888888
300999999
30011
30022
30033
30044
30055
30066
30077
30088
30099
200111
200222
200333
200444
200555
200666
200777
200888
200999
2001111
2002222
2003333
2004444
2005555
2006666
2007777
2008888
20011111
20022222
20033333
20044444
20055555
20066666
20077777
20088888
20099999
200000000
200111111
200222222
200333333
200444444
200555555
200666666
200777777
200888888
200999999
20011
20022
20033
20044
20055
20066
20077
20088
20099
20111
20222
20333
20444
20555
20666
20777
20888
20999
201111
202222
203333
204444
205555
206666
207777
208888
2011111
2022222
2033333
2044444
2055555
2066666
2077777
2088888
2099999
20111111
20222222
20333333
20444444
20555555
20666666
20777777
20888888
20999999
2033
2044
2055
2066
2077
2088
2099
30111
30222
30333
30444
30555
30666
30777
30888
30999
301111
302222
303333
304444
305555
306666
307777
308888
3011111
3022222
3033333
3044444
3055555
3066666
3077777
3088888
3099999
30111111
30222222
30333333
30444444
30555555
30666666
30777777
30888888
30999999
3022
3033
3044
3055
3066
3077
3088
3099
40111
40222
40333
40444
40555
40666
40777
40888
40999
401111
402222
403333
404444
405555
406666
407777
408888
4011111
4022222
4033333
4044444
4055555
4066666
4077777
4088888
4099999
40111111
40222222
40333333
40444444
40555555
40666666
40777777
40888888
40999999
4022
4033
4055
4066
4077
4088
4099
50111
50222
50333
50444
50555
50666
50777
50888
50999
501111
502222
503333
504444
505555
506666
507777
508888
5011111
5022222
5033333
5044444
5055555
5066666
5077777
5088888
5099999
50111111
50222222
50333333
50444444
50555555
50666666
50777777
50888888
50999999
5022
5033
5044
5055
5066
5077
5088
5099
60111
60222
60333
60444
60555
60666
60777
60888
60999
601111
602222
603333
604444
605555
606666
607777
608888
6000000
6011111
6022222
6033333
6044444
6055555
6066666
6077777
6088888
6099999
60000000
60111111
60222222
60333333
60444444
60555555
60666666
60777777
60888888
60999999
6022
6033
6044
6055
6077
6088
6099
70111
70222
70333
70444
70555
70666
70777
70888
70999
701111
702222
703333
704444
705555
706666
707777
708888
7011111
7022222
7033333
7044444
7055555
7066666
7077777
7088888
7099999
70111111
70222222
70333333
70444444
70555555
70666666
70777777
70888888
70999999
7033
7044
7055
7066
7077
7088
7099
80111
80222
80333
80444
80555
80666
80777
80888
80999
801111
802222
803333
804444
805555
806666
807777
808888
8011111
8022222
8033333
8044444
8055555
8066666
8077777
8088888
8099999
80111111
80222222
80333333
80444444
80555555
80666666
80777777
80888888
80999999
8033
8044
8055
8066
8077
8088
8099
13333
14444
15555
16666
17777
18888
122222
133333
144444
155555
166666
177777
188888
199999
1222222
1333333
1444444
1555555
1666666
1777777
1888888
1999999
166
177
188
21111
23333
24444
25555
26666
27777
28888
211111
233333
244444
255555
266666
277777
288888
299999
2111111
2333333
2444444
2555555
2666666
2777777
2888888
2999999
233
244
266
277
288
299
28
29
31111
32222
34444
35555
36666
37777
38888
311111
322222
344444
355555
366666
377777
388888
399999
3111111
3222222
3444444
3555555
3666666
3777777
3888888
3999999
344
355
366
377
388
399
32
34
35
38
39
41111
42222
43333
45555
46666
47777
48888
411111
422222
433333
455555
466666
477777
488888
499999
4111111
4222222
4333333
4555555
4666666
4777777
4888888
4999999
433
455
466
477
488
499
42
43
45
48
49
51111
52222
53333
54444
56666
57777
58888
511111
522222
533333
544444
566666
577777
588888
599999
5111111
5222222
5333333
5444444
5666666
5777777
5888888
5999999
544
566
577
588
599
52
53
54
58
59
61111
62222
63333
64444
65555
67777
68888
611111
622222
633333
644444
655555
677777
688888
699999
6111111
6222222
6333333
6444444
6555555
6777777
6888888
6999999
644
655
688
699
62
63
64
65
67
68
71111
72222
73333
74444
75555
76666
78888
711111
722222
733333
744444
755555
766666
788888
799999
7111111
7222222
7333333
7444444
7555555
7666666
7888888
7999999
722
733
744
755
788
799
73
75
76
78
79
81111
82222
83333
84444
85555
86666
87777
811111
822222
833333
844444
855555
866666
877777
899999
8111111
8222222
8333333
8444444
8555555
8666666
8777777
8999999
822
833
844
866
877
899
82
83
84
89
91111
92222
93333
94444
95555
96666
97777
98888
911111
922222
933333
944444
955555
966666
977777
988888
9111111
9222222
9333333
9444444
9555555
9666666
9777777
9888888
81118
82228
83338
84448
85558
86668
87778
89998
811118
822228
833338
844448
855558
866668
877778
80008
8000008
8111118
8222228
8333338
8444448
8555558
8666668
8777778
8999998
80000008
81111118
82222228
83333338
84444448
85555558
86666668
87777778
89999998
8118
8228
8338
8448
8558
8668
8778
8998
828
838
848
858
868
878
898
922
933
944
955
977
988
92
93
94
95
98
01111
01222
01333
01444
01555
01666
01777
01888
01999
011111
012222
013333
014444
015555
016666
017777
018888
01000
010000
0100000
0111111
0122222
0133333
0144444
0155555
0166666
0177777
0188888
0199999
01000000
01111111
01222222
01333333
01444444
01555555
01666666
01777777
01888888
01999999
0100
0111
0122
0133
0144
0155
0166
0177
0188
0199
010
011
012
013
014
015
016
017
018
019
09111
09222
09333
09444
09555
09666
09777
09888
09999
091111
092222
093333
094444
095555
096666
097777
098888
09000
090000
0900000
0911111
0922222
0933333
0944444
0955555
0966666
0977777
0988888
0999999
09000000
09111111
09222222
09333333
09444444
09555555
09666666
09777777
09888888
09999999
0900
0911
0922
0933
0944
0955
0966
0977
0988
0999
090
091
092
093
094
095
096
097
098
099
08111
08222
08333
08444
08555
08666
08777
08888
08999
081111
082222
083333
084444
085555
086666
087777
088888
08000
080000
0800000
0811111
0822222
0833333
0844444
0855555
0866666
0877777
0888888
0899999
08000000
08111111
08222222
08333333
08444444
08555555
08666666
08777777
08888888
08999999
0800
0811
0822
0833
0844
0855
0866
0877
0888
0899
080
081
082
083
084
085
086
087
088
089
0020
0030
0040
0050
0060
0070
0080
0090
0101
0121
0131
0141
0151
0161
0171
0181
0191
1131
1141
1151
1161
1171
1181
1191
2121
2131
2141
2151
2161
2171
2181
2191
3131
3141
3161
3171
3181
3191
4121
4131
4141
4151
4161
4171
4181
4191
5121
5131
5141
5151
5161
5171
5181
5191
6121
6131
6141
6151
6161
6171
6181
6191
7121
7131
7141
7151
7161
7171
7181
7191
8121
8131
8141
8151
8161
8171
8181
8191
9121
9131
9141
9151
9161
9171
9181
9191
0202
0212
0222
0232
0242
0252
0262
0272
0282
0292
1202
1232
1242
1252
1262
1272
1282
1292
2232
2242
2252
2262
2272
2282
2292
3202
3212
3242
3252
3262
3272
3282
3292
4202
4212
4232
4242
4252
4262
4272
4292
5202
5212
5232
5242
5252
5262
5272
5282
5292
6202
6212
6232
6242
6252
6262
6272
6282
6292
7202
7212
7232
7242
7252
7262
7272
7282
7292
8202
8212
8232
8242
8252
8262
8272
8292
9202
9212
9232
9242
9252
9262
9272
9282
9292
022022
022122
022222
022322
022422
022522
022622
022722
022822
022922
122022
122122
122322
122422
122522
122622
122722
122822
122922
222022
222122
222322
222422
222522
222622
222722
222822
222922
322022
322122
322322
322422
322522
322622
322722
322822
322922
422022
422122
422322
422422
422522
422622
422722
422822
422922
522022
522122
522322
522422
522522
522622
522722
522822
522922
622022
622122
622322
622422
622522
622622
622722
622822
622922
722022
722122
722322
722422
722522
722622
722722
722822
722922
822022
822122
822322
822422
822522
822622
822722
822822
822922
922022
922122
922322
922422
922522
922622
922722
922822
922922
0303
0313
0323
0333
0343
0353
0363
0373
0383
0393
1303
1323
1343
1353
1363
1373
1383
1393
2303
2313
2323
2343
2353
2363
2373
2383
2393
3313
3343
3353
3363
3373
3383
3393
4303
4313
4323
4343
4353
4363
4373
4383
4393
5303
5313
5323
5343
5353
5363
5373
5383
5393
6303
6313
6323
6343
6353
6363
6373
6383
6393
7303
7313
7323
7343
7353
7363
7373
7383
7393
8303
8313
8323
8343
8353
8363
8373
8383
8393
9303
9313
9323
9343
9353
9363
9373
9383
9393
0404
0414
0424
0434
0444
0454
0464
0474
0484
0494
1404
1424
1434
1454
1464
1474
1484
1494
2404
2414
2424
2434
2454
2464
2474
2484
2494
3404
3414
3424
3434
3454
3464
3474
3484
3494
4404
4414
4424
4434
4454
4464
4474
4484
4494
5404
5414
5424
5434
5454
5464
5474
5484
5494
6404
6414
6424
6434
6454
6464
6474
6484
6494
7404
7414
7424
7434
7454
7464
7474
7484
7494
8404
8414
8424
8434
8454
8464
8474
8484
8494
9404
9414
9424
9434
9454
9464
9474
9484
9494
0505
0515
0525
0535
0545
0555
0565
0575
0585
0595
1505
1525
1535
1545
1565
1575
1585
1595
2505
2515
2535
2545
2565
2575
2585
2595
3505
3515
3535
3545
3565
3585
3595
4505
4515
4525
4535
4545
4565
4575
4585
4595
5505
5525
5535
5545
5565
5575
5585
5595
6505
6515
6525
6535
6545
6565
6575
6585
6595
7505
7515
7525
7535
7545
7565
7575
7585
7595
8505
8515
8525
8535
8545
8565
8575
8585
8595
9505
9515
9525
9535
9545
9565
9575
9585
9595
05505
05515
05525
05535
05545
05555
05565
05575
05585
05595
15505
15515
15525
15535
15545
15565
15575
15585
15595
25505
25515
25525
25535
25545
25565
25575
25585
25595
35505
35515
35525
35535
35545
35565
35575
35585
35595
45505
45515
45525
45535
45545
45565
45575
45585
45595
55505
55515
55525
55535
55545
55565
55575
55585
55595
65505
65515
65525
65535
65545
65565
65575
65585
65595
75505
75515
75525
75535
75545
75565
75575
75585
75595
85505
85515
85525
85535
85545
85565
85575
85585
85595
95505
95515
95525
95535
95545
95565
95575
95585
95595
55005
55015
55025
55035
55045
55055
55065
55075
55085
55095
55105
55115
55125
55135
55145
55155
55165
55175
55185
55195
55205
55215
55225
55235
55245
55255
55265
55275
55285
55295
55305
55315
55325
55335
55345
55355
55365
55375
55385
55395
55405
55415
55425
55435
55445
55455
55465
55475
55485
55495
55605
55615
55625
55635
55645
55655
55665
55675
55685
55695
55705
55715
55725
55735
55745
55755
55765
55775
55785
55795
55805
55815
55825
55835
55845
55855
55865
55875
55885
55895
55905
55915
55925
55935
55945
55955
55965
55975
55985
55995
0606
0616
0626
0636
0646
0656
0666
0676
0686
0696
1606
1616
1626
1636
1646
1656
1676
1686
1696
2606
2616
2626
2636
2646
2656
2676
2686
2696
3606
3616
3626
3636
3646
3656
3676
3686
3696
4606
4616
4626
4636
4646
4656
4676
4686
4696
5606
5616
5626
5636
5646
5656
5676
5686
5696
6626
6636
6646
6656
6676
6686
6696
7606
7616
7626
7636
7646
7656
7676
7686
7696
8606
8616
8626
8636
8646
8656
8676
8686
8696
9606
9616
9626
9636
9646
9656
9676
9686
9696
0707
0717
0727
0737
0747
0757
0767
0777
0787
0797
1707
1717
1727
1737
1747
1757
1767
1787
1797
2707
2717
2727
2737
2747
2757
2767
2787
2797
3707
3717
3727
3737
3747
3757
3767
3787
3797
4707
4717
4727
4737
4747
4757
4767
4787
4797
5707
5717
5727
5737
5747
5757
5767
5787
5797
6707
6717
6727
6737
6747
6757
6767
6787
6797
7707
7717
7727
7737
7747
7757
7767
7787
7797
8707
8717
8727
8737
8747
8757
8767
8787
8797
9707
9717
9727
9737
9747
9757
9767
9787
9797
0808
0818
0828
0838
0848
0858
0868
0878
0898
1808
1818
1828
1838
1848
1858
1868
1878
1898
2808
2818
2828
2838
2848
2868
2878
2898
3808
3818
3828
3838
3848
3858
3868
3878
3898
4808
4818
4838
4848
4858
4868
4878
4898
5808
5818
5828
5838
5848
5858
5868
5878
5898
6808
6818
6828
6838
6848
6858
6868
6878
6898
7808
7818
7828
7838
7848
7858
7868
7878
7898
8808
8818
8828
8838
8848
8858
8868
8878
8898
9808
9818
9828
9838
9848
9858
9868
9878
9898
09010
09110
09210
09310
09410
09510
09610
09710
09810
09910
19010
19110
19210
19310
19410
19510
19610
19710
19810
19910
29010
29110
29210
29310
29410
29510
29610
29710
29810
29910
39010
39110
39210
39310
39410
39510
39610
39710
39810
39910
49010
49110
49210
49310
49410
49510
49610
49710
49810
49910
59010
59110
59210
59310
59410
59510
59610
59710
59810
59910
69010
69110
69210
69310
69410
69510
69610
69710
69810
69910
79010
79110
79210
79310
79410
79510
79610
79710
79810
79910
89010
89110
89210
89310
89410
89510
89610
89710
89810
89910
99010
99110
99210
99310
99410
99510
99610
99710
99810
99910
0909
0919
0929
0939
0949
0959
0969
0979
0989
1909
1919
1929
1939
1949
1959
1969
1979
2909
2919
2929
2939
2949
2959
2969
2979
2989
3909
3919
3929
3939
3949
3959
3969
3979
3989
4909
4919
4929
4939
4949
4959
4969
4979
4989
5909
5919
5929
5939
5949
5959
5969
5979
5989
6909
6919
6929
6939
6949
6959
6969
6979
6989
7909
7919
7929
7939
7949
7959
7969
7979
7989
8909
8919
8929
8939
8949
8959
8969
8979
8989
9909
9919
9929
9939
9949
9959
9969
9979
9989
0021
0031
0041
0051
0061
0071
0081
0091
0201
0211
0221
0231
0241
0251
0261
0271
0281
0291
1241
1251
1261
1271
1281
1291
2231
2241
2251
2261
2271
2281
2291
3221
3231
3241
3251
3261
3271
3281
3291
4221
4231
4241
4251
4261
4271
4281
4291
5221
5231
5241
5251
5261
5271
5281
5291
6221
6231
6241
6251
6261
6271
6281
6291
7221
7231
7241
7251
7261
7271
7281
7291
8221
8231
8241
8251
8261
8271
8281
8291
9221
9231
9241
9251
9261
9271
9281
9291
0302
0312
0322
0332
0342
0352
0362
0372
0382
0392
1302
1322
1332
1352
1362
1382
1392
2302
2312
2322
2332
2342
2352
2362
2372
2382
2392
3322
3332
3342
3352
3362
3372
3382
3392
4302
4312
4322
4332
4342
4352
4362
4372
4382
4392
5302
5312
5322
5332
5342
5352
5362
5372
5382
5392
6302
6312
6322
6332
6342
6352
6362
6372
6382
6392
7302
7312
7322
7332
7342
7352
7362
7372
7382
7392
8302
8312
8322
8332
8342
8352
8362
8372
8382
8392
9302
9312
9322
9332
9342
9352
9362
9372
9382
9392
0403
0413
0423
0433
0443
0453
0463
0473
0483
0493
1413
1423
1433
1443
1453
1463
1473
1483
1493
2403
2413
2423
2433
2443
2453
2463
2473
2483
2493
3403
3413
3423
3433
3443
3453
3463
3473
3483
3493
4403
4413
4423
4433
4443
4453
4463
4473
4483
4493
5403
5413
5423
5433
5443
5453
5463
5473
5483
5493
6403
6413
6423
6433
6443
6453
6463
6473
6483
6493
7403
7413
7423
7433
7443
7453
7463
7473
7483
7493
8403
8413
8423
8433
8443
8453
8463
8473
8483
8493
9403
9413
9423
9433
9443
9453
9463
9473
9483
9493
0506
0516
0526
0536
0546
0556
0566
0576
0586
0596
1506
1516
1526
1536
1546
1556
1566
1576
1586
1596
2506
2516
2526
2536
2546
2556
2566
2576
2586
2596
3506
3516
3526
3536
3546
3556
3566
3576
3586
3596
4506
4516
4526
4536
4546
4556
4566
4576
4586
4596
5506
5516
5526
5536
5546
5556
5566
5576
5586
5596
6506
6516
6526
6536
6546
6556
6566
6576
6586
6596
7506
7516
7526
7536
7546
7556
7566
7576
7586
7596
8506
8516
8526
8536
8546
8556
8566
8576
8586
8596
9506
9516
9526
9536
9546
9556
9566
9576
9586
9596
056078
056178
056278
056378
056478
056578
056678
056778
056878
056978
156078
156178
156278
156378
156478
156578
156678
156778
156878
156978
256078
256178
256278
256378
256478
256578
256678
256778
256878
256978
356078
356178
356278
356378
356478
356578
356678
356778
356878
356978
456078
456178
456278
456378
456478
456578
456678
456778
456878
456978
556078
556178
556278
556378
556478
556578
556678
556778
556878
556978
656078
656178
656278
656378
656478
656578
656678
656778
656878
656978
756078
756178
756278
756378
756478
756578
756678
756778
756878
756978
856078
856178
856278
856378
856478
856578
856678
856778
856878
856978
956078
956178
956278
956378
956478
956578
956678
956778
956878
956978
080081
080181
080281
080381
080481
080581
080681
080781
080881
080981
180081
180181
180281
180381
180481
180581
180681
180781
180881
180981
280081
280181
280281
280381
280481
280581
280681
280781
280881
280981
380081
380181
380281
380381
380481
380581
380681
380781
380881
380981
480081
480181
480281
480381
480481
480581
480681
480781
480881
480981
580081
580181
580281
580381
580481
580581
580681
580781
580881
580981
680081
680181
680281
680381
680481
680581
680681
680781
680881
680981
780081
780181
780281
780381
780481
780581
780681
780781
780881
780981
880081
880181
880281
880381
880481
880581
880681
880781
880881
880981
980081
980181
980281
980381
980481
980581
980681
980781
980881
980981
0908
0918
0928
0938
0948
0958
0968
0978
0998
1908
1918
1928
1938
1948
1958
1968
1978
1988
1998
2908
2918
2928
2938
2948
2958
2968
2978
2988
2998
3908
3918
3928
3938
3948
3958
3968
3978
3988
3998
4908
4918
4928
4938
4948
4958
4968
4978
4988
4998
5908
5918
5928
5938
5948
5958
5968
5978
5988
5998
6908
6918
6928
6938
6948
6958
6968
6978
6988
6998
7908
7918
7928
7938
7948
7958
7968
7978
7988
7998
8908
8918
8928
8938
8948
8958
8968
8978
8988
9908
9918
9928
9938
9948
9958
9968
9978
9988
9998
010011
010111
010211
010311
010411
010511
010611
010711
010811
010911
110111
110211
110311
110411
110511
110611
110711
110811
110911
210011
210111
210211
210311
210411
210511
210611
210711
210811
210911
310011
310111
310211
310311
310411
310511
310611
310711
310811
310911
410011
410111
410211
410311
410411
410511
410611
410711
410811
410911
510011
510111
510211
510311
510411
510511
510611
510711
510811
510911
610011
610111
610211
610311
610411
610511
610611
610711
610811
610911
710011
710111
710211
710311
710411
710511
710611
710711
710811
710911
810011
810111
810211
810311
810411
810511
810611
810711
810811
810911
910011
910111
910211
910311
910411
910511
910611
910711
910811
910911
100011
100211
100311
100411
100511
100611
100711
100811
100911
101011
101211
101311
101411
101511
101611
101711
101811
101911
102011
102111
102211
102311
102411
102511
102611
102711
102811
102911
103011
103111
103211
103311
103411
103511
103611
103711
103811
103911
104011
104111
104211
104311
104411
104511
104611
104711
104811
104911
105011
105111
105211
105311
105411
105511
105611
105711
105811
105911
106011
106111
106211
106311
106411
106511
106611
106711
106811
106911
107011
107111
107211
107311
107411
107511
107611
107711
107811
107911
108011
108111
108211
108311
108411
108511
108611
108711
108811
108911
109011
109111
109211
109311
109411
109511
109611
109711
109811
109911
090010
090110
090210
090310
090410
090510
090610
090710
090810
090910
091010
091110
091210
091310
091410
091510
091610
091710
091810
091910
092010
092110
092210
092310
092410
092510
092610
092710
092810
092910
093010
093110
093210
093310
093410
093510
093610
093710
093810
093910
094010
094110
094210
094310
094410
094510
094610
094710
094810
094910
095010
095110
095210
095310
095410
095510
095610
095710
095810
095910
096010
096110
096210
096310
096410
096510
096610
096710
096810
096910
097010
097110
097210
097310
097410
097510
097610
097710
097810
097910
098010
098110
098210
098310
098410
098510
098610
098710
098810
098910
099010
099110
099210
099310
099410
099510
099610
099710
099810
099910
10029
10039
10049
10059
10069
10079
10089
10109
10119
10129
10139
10149
10159
10169
10179
10189
10209
10219
10229
10239
10249
10259
10269
10279
10289
10299
10309
10319
10329
10339
10349
10359
10369
10379
10389
10399
10409
10419
10429
10439
10449
10459
10469
10479
10489
10499
10509
10519
10529
10539
10549
10559
10569
10579
10589
10599
10609
10619
10629
10639
10649
10659
10669
10679
10689
10699
10709
10719
10729
10739
10749
10759
10769
10779
10789
10799
10809
10819
10829
10839
10849
10859
10869
10879
10889
10899
10909
10919
10929
10939
10949
10959
10969
10979
10989
SIP123
sip123456
Sip149
Sip194
sip3003
sip321
Sip48
sip5960
sip6000
SIP8087
1000201
100101
89562
9561
9563
985
965
78563
845120
4123
962
85412
9856
2qwed
@#$dfg
0000ab
0001voip01
000aaa
001001aa
00110
0011708
001195nsit
