100
asd100
qwe100
123100
100001
100100
100123
100qwe
100asd
100pass
1111111111
111111111
22222222
222222222
2222222222
333333
33333333
333333333
3333333333
444444
44444444
444444444
4444444444
555555
55555555
555555555
5555555555
666666
66666666
666666666
6666666666
777777
77777777
777777777
7777777777
88888888
99999999
999999999
test123
password
admin123
123abc123
100abc100
888888
11101
MS00038424
pbx123
voip123
sip123
pass100
100password
password100
#12345678#
daoyou
12345678
1234
123456
102030
12345
abcd1234
11111
1111
00000
1000
1q2w3e4r5t
252525
11223344
123456q
12345a
4815162342
admin12345
123Abc
Abcd1234
qwerty1234
321321
voip1
123456#
phone123
abc1
abc@1
test1
test@1
sip1
sip@1
zxc1
qwe1
qwerty1
qwer1
123@1
1231
passw0rd
qwerty
123456789
112233
1234qwer
123654
222222
123123123
gateway
11111111
131313
pass
111111
master
7777777
fuckyou
121212
000000
qazwsx
123qwe
123321
1234567
123123
abc123
ext3050
888
pw100
sip@123
secret
secret@123
sip#123
voip
voip@123
voip#123
pass@123
100@123
1234321
#user#
$3cr3t
@12345
@123456
@123456a
123!abc
123.qwerty
123@
123@123
asd!@#
asd!@#$
asd!147852369
asd#1234
asd#1234!
asd#1234#
asd#1234@
asdasd123
asdasd123!123
cisco1234
guest
myp@ssw0rd
mypassword@123
online!123
online!1234
696969
10
101
1001
108
200
2001
201
2002
3000
210
3001
4000
400
4001
5000
401
5001
222
6000
6001
300
7000
7001
301
8000
8001
9000
302
9001
410
310
320
420
111
333
44
22
33
444
4444
555
55
5555
55555
666
6666
66
66666
77
777
7777
77777
70
2222
22222
44444
402
403
405
407
411
500
501
502
510
520
506
600
601
602
604
608
610
6010
1010
3010
5010
4010
7010
9010
8010
1011
2011
3011
4011
5011
6011
7011
8011
9011
710
702
703
705
74
800
801
802
803
810
811
900
901
902
903
904
905
910
911
912
11
9
8
5
4
1050
1060
1022
1020
1021
1031
1030
1041
1051
1061
1070
1071
1080
1090
1091
1081
1088
1099
1077
1073
1063
1052
1033
1023
1012
1013
1105
1110
1112
1113
1102
1109
1120
3301
3230
3302
3330
2220
2201
1119
999
99
9999
99999
10000
10001
20001
20003
10002
40001
40002
50001
50000
40000
50002
60000
60001
60002
70000
70001
70002
80000
80001
80002
90000
90001
90002
80
90
50
60
40
7800
8002
8501
9301
224
3501
8100
7600
default
6801
8401
9700
1901
8800
5101
7101
1700
1801
1004
209
3400
2230
2100
5700
5701
7301
test
5801
206
6501
1301
6900
3500
2600
6800
8301
9701
6300
8801
9500
2200
7701
1800
7401
8009
5901
2801
4201
4100
9900
3300
1501
109
9600
4600
6500
7201
603
5201
3801
3900
6600
7801
7100
3004
7400
3201
4500
6003
5200
4900
112
9300
8019
4801
7200
1601
3901
8200
1200
2800
2701
1100
3100
4800
2010
cc123
1003
5100
1078
6301
5800
8300
4501
5500
103
8900
5004
150
2301
fax123
7501
1500
3200
1900
2700
3700
1101
2022
6700
2400
2901
5501
4601
160
33333
6701
701
8600
130
120
110
140
141
131
121
151
161
170
171
180
181
190
191
260
270
280
290
3232
9801
1701
8700
1600
5301
4101
3101
4400
9201
1014
5401
4901
2300
2601
9401
9400
202
3701
3800
4200
2401
6901
221
2900
8201
3601
102
8601
700
5400
7700
21000
2000
9101
6101
5900
12
123
1234567890
6601
4401
1300
1040
1515
8500
88888
1201
8701
20500
9601
105
8888
3600
cc101
6200
2501
9501
7900
4701
9901
9800
4301
7601
3401
1401
88
user
6400
5601
110011
5300
1002
9200
6100
8101
7002
223
7901
4300
8400
6201
7500
4700
8901
9100
1400
3333
2101
6401
5600
7300
2500
9009
203
408
5005
135
1000001
316
1212
107
3331
505
707
439
4030
215
000
4002
555000
12001
11004
7022
9023
44193
NULL
985000
30000000
20
6105
1213
9005
442030510988
50005
2005
3031
a505050
6662222
DEMO
321
960
1008
6060
NONE
0001
00001
001
test2
2240
124
8240
14
144
4140
87
6240
1094
2140
8140
660
305
223344
360
164
1313
2202
Cisco
230
36
6140
134
0005
3040
2060
9007
0123456
1000000
1331
demo
187
199
3060
165
195
15
2150
37
6150
2250
10011
797
59011
200200
9019
*****
304
606
6006
906
0011
1122
711
145
6250
1005
96
460
776
16
175
21
806
10022
0012
46
0002
0007
2320
1054
252
user1
user101
cc1001
1034
1044
1064
1027
185
155
8150
4150
4250
10030
00012
1055
999999
11100
111000
22200
222000
33300
333000
44400
444000
55500
66600
666000
77700
777000
88800
888000
99900
999000
1555
2555
002
003
0003
004
0004
005
006
0006
007
008
0008
009
0009
10012
00007
8210
6210
test12
4060
760
2210
4210
1111111
10018
1072
3002
2310
8310
8220
6220
560
786
1042
1032
1092
4220
10019
00010
1082
251
00009
1062
4310
00014
7060
8230
6230
1093
6310
291
5060
281
000014
10031
1006
57
860
6320
8320
10020
4230
0015
1007
1065
8060
8330
1035
1045
8250
1095
1085
263
4330
2330
6330
622
abc
2525
2221
2227
4447
2228
4448
3121
104
0000000
00000000
300300
400400
6005
8008
664
303
669
11002
108704
580000
80471
1372
1125CH
33014
852
80003
334455
445566
556677
admin10
199601
sipcall
sipcall1
1000005
10000001
5000000
9000000
10009
2009
2006
600000000
207
234
106
204
205
208
1048
213
118
611
312
313
214
314
315
216
250
255
311
115
511
00
1214
390
9044
113
114
116
117
119
122
125
126
127
128
129
132
307
133
212
217
218
219
220
231
240
241
261
271
308
309
317
318
319
331
340
341
350
351
361
370
371
380
381
391
404
406
412
413
414
415
416
417
418
419
421
430
431
440
441
450
451
461
470
471
480
481
490
491
503
504
507
508
509
512
513
514
515
516
517
518
519
521
522
530
531
540
541
550
551
561
570
571
580
581
590
591
607
609
612
613
614
615
616
617
618
619
620
621
630
631
640
641
650
651
670
671
680
681
690
691
706
708
709
712
713
714
715
716
717
718
719
720
721
730
731
740
2000000
7006
805
7004
704
2255
10551
100000
1216
3133
1015
2020
2015
2019
6007
6012
1312
2346
6773
3688
1406
1305
4240
4917
5811
4828
2399
4014
5015
1121
2014
1009
2007
2008
2012
2013
741
750
751
761
770
771
780
781
790
791
804
807
808
809
812
813
814
815
816
817
818
819
820
821
830
831
840
841
851
861
870
871
880
881
890
891
907
908
909
913
914
915
916
917
918
919
920
921
930
931
940
941
950
961
970
971
980
824
981
990
991
12024
900000
90000000
3225
3525
3425
2125
3125
3325
636
1950
1650
1850
1053
1056
1049
3550
2950
3250
3450
3650
4050
3350
3950
4550
3850
2050
3750
3151
3152
3154
3155
3156
3157
3158
3159
661
663
1175
665
667
668
3575
3275
3175
3475
3375
409
5002
605
306
11000
8888888
5050
6002
6020
6004
9006
0110
2212
120000
6666666
Password
951
2030
211
953
850
4003
1414
1221
1236
1456
5550000
asterisk
101010
0000000000
3020
4020
2222222
3333333
4444444
5555555
9999999
8080
10101
3030
4040
5030
6999
2040
2070
2080
2090
10010
110002
500001
400001
330001
410001
110001
300001
250001
350001
360001
380001
310001
320001
abc100
390001
370001
1111111111111
0010011
85
155555555555
189
2021
136
137
138
139
1103
0000
0010
330
7009
9003
7167
1084
766
10021
000011
194
184
154
00005
174
1025
1075
767
1210
1211
1310
1311
1410
1411
1510
1511
1610
1611
1710
1711
1810
1811
1910
1911
2003
2004
2031
2041
2051
2061
2071
2081
2091
2110
2111
2211
2311
2410
2411
2510
2511
2610
2611
2710
2711
2810
2811
2910
2911
3003
3005
3006
3007
3008
3009
3012
3013
3021
3041
3050
3051
3061
3070
3071
3080
3081
3090
3091
3110
3111
3210
3211
3310
3311
3410
3411
3510
3511
3610
3611
3710
3711
3810
3811
3910
3911
4004
4005
4006
4007
4008
4009
4012
4013
4021
4031
4041
4051
4061
4070
4071
4080
4081
4090
4091
4110
4111
4211
4311
4410
4411
4510
4511
4610
4611
4710
4711
4810
4811
4910
4911
5003
5006
5007
5008
5009
5012
5013
5020
5021
5031
5040
5041
5051
5061
5070
5071
5080
5081
5090
5091
5110
5111
5210
5211
5310
5311
5410
5411
5510
5511
5610
5611
5710
5711
5810
5910
5911
6008
6009
6013
6021
6030
6031
6040
6041
6050
6051
6061
6070
6071
6080
6081
6090
6091
6110
6111
6211
6311
6410
6411
6510
6511
6610
6611
6710
6711
6810
6811
6910
6911
7003
7005
7007
7008
7012
7013
7020
7021
7030
7031
7040
7041
7050
7051
7061
7070
7071
7080
7081
7090
7091
7110
7111
7210
7211
7310
7311
7410
7411
7510
7511
7610
7611
7710
7711
7810
7811
7910
7911
8003
8004
8005
8006
8007
8012
8013
8020
8021
8030
8031
8040
8041
8050
8051
8061
8070
8071
8081
8090
8091
8110
8111
8211
8311
8410
8411
8510
8511
8610
8611
8710
8711
8810
8811
8910
8911
9002
9004
9008
9012
9013
9020
9021
9030
9031
9040
9041
9050
9051
9060
9061
9070
9071
9080
9081
9090
9091
9110
9111
9210
9211
9310
9311
9410
9411
9510
9511
9610
9611
9710
9711
9810
9811
9910
9911
20000
30000
30001
11001
21001
31000
31001
41000
41001
51000
51001
61000
61001
71000
71001
81000
81001
91000
91001
12000
13000
13001
14000
14001
15000
15001
16000
16001
17000
17001
18000
18001
19000
19001
3555
4555
6555
7555
8555
9555
1222
3222
4222
5222
6222
7222
8222
9222
1333
2333
4333
5333
6333
7333
8333
9333
1444
2444
3444
5444
6444
7444
8444
9444
1666
2666
3666
4666
5666
7666
8666
9666
1777
2777
3777
4777
5777
6777
8777
9777
1888
2888
3888
4888
5888
6888
7888
9888
1999
2999
3999
4999
5999
7999
8999
1230
0123
0013
1083
000010
1043
796
00015
00011
4320
1074
292
282
000015
283
000016
0016
826
000013
8340
2016
2122
5515
2791
2554
7788
20000000
202020
303030
404040
505050
606060
707070
808080
909090
200000
300000
400000
500000
600000
700000
800000
1016
1017
1018
1019
qaz1000
000080
200002
300003
400004
500005
600006
700007
800008
900009
888666
666888
8035
86101
3400872567
855
4282
32101
3312
287
462/
2858
677
1229
3105
9997
1681
1407
2794203006
4286
358136313
2603
3059
1997930415
837
4308
Ext100
*100
294
783
5223
1822088532
2333991892
3137
3303
997
7134
1989
1001004
180016
cc100
6066
3903
2446
829
8282
cc110
4088354491
136563243
2576717564
4034513821
4212529099
2156855486
3673987136
1420681468
10011001
a9ef084313c4
2193276118
100100100
4123502027
1100dump2527
1377807980
3649590803
1403
2147698859
186
929
0134304413c4
6127
1218
2442
20002
5632
6655
#48
8520
7776
3631
7531
353
239
327
3735
3114
8016
2734
5842
7795
1503
4044
422
460/
1995
88812
5512
633
489
3323
8236
8018
20004
9790
95220
167
8023
3703
72
6960
322
2862
1412
89300
6616
3970
6019
1304
11003
885
15427
pstn
6125
3027
3943599076
3329990517
office
147
229
1447
585800
1553
225
1928117154
4033128839
891358360
4189727777
CC100
Cc100
ic100
IC100
Ic100
ic1000
Ic1000
Ic1001
IC1001
ic1001
Ic1002
IC1002
ic1002
IC1003
ic1003
IC1004
ic1004
IC1005
ic1005
IC1006
ic1006
IC1007
ic1007
IC1008
ic1008
IC1009
ic1009
ic101
Ic101
Ic1010
IC1010
IC1011
IC1012
IC1013
IC1014
IC1015
IC1016
IC1017
IC1018
IC1019
ic102
Ic102
IC1020
IC1021
IC1022
IC1023
IC1024
IC1025
IC1026
IC1027
IC1028
IC1029
ic200
Ic200
ic2000
Ic2000
Ic2001
ic2001
Ic2002
ic2002
ic2003
ic2004
ic2005
ic2006
ic2007
ic2008
ic2009
ic201
Ic201
IC2010
ic2011
ic2012
ic2013
ic2014
ic2015
ic2016
ic2017
ic2018
ic2019
ic202
Ic202
Ic2020
ic2020
ic2021
ic2022
ic2023
ic2024
ic2025
ic2026
ic2027
ic2028
ic2029
ic2030
ic2031
ic2032
ic2033
ic2034
ic2035
ic2036
ic2037
ic2038
ic2039
ic2040
Ic2222
8014
8015
8017
8022
8024
8025
8026
8027
8028
cc102
cc103
cc104
cc105
cc106
cc107
cc108
cc109
cc201
cc202
cc203
cc211
cc214
cc200
CC200
Cc200
cc2000
CC2000
Cc2000
cc2002
CC2002
Cc2002
CC202
Cc202
cc2020
CC2020
Cc2020
cc222
CC222
Cc222
cc2222
CC2222
Cc2222
1813
6606
6015
1812
5567
5508
2185
1330
3588
665001
665000
665005
665002
665009
665006
665008
665003
665007
665004
666003
666006
666005
666009
666004
666001
666008
666002
666007
100010
45613561
7748
3298
100103
100105
100112
1001111
6179098
165143
496
497
528
532
527
525
526
487
486
485
492
493
533
534
523
524
85546
ip100100
Aa100
qwerty123
100abc
user100
sip100
voip100
qwe123
qwe1234
100aa
aa100
aaa123
asd123
asd1234
asdf1234
1234asdf
123abc
phone100
100phone
secret100
100secret
test100
100test
qaz100
abc1234
abc12345
123phone
sip1234
pass123
pass1234
test1234
password123
password1234
secret123
secret1234
phone1234
123asdf
100aaa
qwerty12345
111222333
support100
123asd
voip1234
1Q2w3e4r
1q2w3e
1qaz2wsx
1qaz2wsx3edc
qwerty100
987654321
87654321
7654321
654321
eq78x2es
jrz3l9rb
5uz5jh16
5mi6bdmg
tH8M3ed3bf
password1
iloveyou
123456a
a123456
a12345
123456789a
789456
0123456789
987654
147258
111222
number1
welcome
010203
password12
a123456789
phoenix
password!
abc123456
password3
12222
44441
55551
66661
77771
88881
99991
202122
23456789
3456
345
34567
345677
2765432
9123123
812123
801234
980123
9123456
601234
54667
45678
343536
4343536
53435
666688
1230456
234056
3450678
4560789
6540789
645879
6645997
331997
664331
664339
882331
993771
991337
9137
9741
3102
6541
965410
9874520
98741236
987412365
87412365
963214587
635241789
938271456
646352
6431258
66355282
17792289
779886
3012458
933012
9327
96318
971628
363738
1415
1617
1819
232425
252627
282930
303132
7172
737475
712389
723456
645213
6912345
669123
966123
966
9666661
96666661
96666669
9669
96669
966669
9666669
696
69
6996
69996
699996
6999996
60000006
6000006
5000005
4000004
433334
53333335
15555551
4999994
699999996
69999996
68888886
9555559
455554
812345679
71234568
7128
8349
92310
40110
881000
992000
66012
call
10111
10222
10333
10444
10555
10666
10777
10888
10999
233
244
266
277
288
299
SIP123
sip123456
Sip149
Sip194
sip3003
sip321
Sip48
sip5960
sip6000
SIP8087
1000201
100101
89562
9561
9563
985
965
78563
845120
4123
962
85412
9856
2qwed
@#$dfg
0000ab
0001voip01
000aaa
001001aa
00110
0011708
781428
671151
1804
1805
1802
1803
saifusa12#$
825
823
1037
1036
1039
1038
1026
1024
1028
1029
SNY-666111
RZA-654789
UZR-27
A-333661
1314
1315
8ngjsxw
1114
1115
1215
y9LE23yW
8168
8169
8162
8163
8160
8166
8167
8164
8165
8159
8158
8049
8048
8153
8152
8155
8154
8157
8156
8043
8042
8045
8047
8046
8173
8172
8170
8175
8174
8029
8038
8039
8036
8037
8034
8032
66016610
66016616
7695814303
9087875766
66016618
9087875760
9384843627
9087875776
66280000
66280021
66280020
0116
494
495
235
236
237
232
238
6512
173
172
176
179
178
7152
0182
0183
389
386
387
384
385
382
383
5045
5046
5047
5042
5043
5048
5049
5014
5017
5016
5019
5018
5032
5037
5036
5035
5034
5039
5038
5023
5026
5027
5024
5025
5028
5029
5054
5057
5056
5053
5052
5059
5058
66280024
2089
2087
2086
2085
2084
2083
2082
2096
2094
2095
2092
2093
2065
2067
2069
2068
2072
2073
2074
2075
2076
2078
2079
mipl1234
dinstar
AllianceMeetMeI
goautodial8153
8058
8059
8052
8053
8054
8056
8057
8069
8068
8063
8062
8067
8065
8064
8072
8073
8076
8074
8075
ck2009
dial
64837g$#
7star321
green89forest
sanjit888
501980
aafm@702
aafm@703
aafm@701
aafm@706
aafm@707
aafm@704
aafm@705
aafm@708
aafm@709
aafm@710
haloocom
67298043
67298053
67298031
elision123
msdp123
global123
office@#23
8184
8185
8186
8187
8180
8182
8188
8189
8195
8194
8197
8196
8190
8085
8193
8084
8192
8087
8086
8083
8082
8198
8089
8148
8149
8094
8095
8096
8097
8142
8143
8092
8144
8093
8145
8146
8147
8098
8108
8109
8104
8105
8106
8107
8102
8103
8209
8208
8179
8207
8178
8206
8205
8204
8203
30013
30012
30010
20020
20007
20006
20005
20009
qaz321
20016
20017
20014
20015
20012
20013
20010
20018
20019
30006
30007
30004
30005
30002
30003
30008
30009
64125745
30016
30015
30014
Gurgaonelision
Car@1234
Elision@1234
Google@1234
kohima123456
xxxx1xxxx
null
Tah$19#
ta#ha123
united2018
9017
9016
9015
9014
7017
7016
7015
7014
6039
6038
6037
6036
6035
6034
6032
6029
6028
6027
6026
6025
6024
6023
6018
6017
6016
6014
admin67
basit12345
9324301155
TErBs51127
global1412
global1410
global1411
clouds19
test1410
global14
ast1001
1046
1047
%#cR#&
temptemp12301
mster123
7829985000
7034097711
7829977114
cdi123
rural123
cronj123
45674567
altius321
Rq53qJy6$97Bm99
vox123
ast1069
ast1015
ast1014
ast1017
ast1016
ast1011
ast1010
ast1013
ast1012
ast1019
ast1018
ast1004
ast1005
ast1006
ast1007
ast1000
ast1002
ast1003
ast1008
ast1009
ast1037
ast1036
ast1035
ast1034
ast1033
ast1032
ast1031
ast1030
ast1039
ast1038
ast1026
ast1027
ast1024
ast1025
ast1022
ast1023
ast1020
ast1021
ast1028
ast1029
ast1099
ast1098
ast1095
ast1094
ast1097
ast1096
ast1091
ast1090
ast1093
ast1092
ast1088
ast1089
ast1084
ast1085
ast1086
ast1087
ast1080
ast1081
ast1082
ast1083
ast3003
ast1100
ast5555
ast1051
ast1050
ast1053
ast1052
ast1055
ast1054
ast1057
ast1056
ast1059
ast1058
ast1040
ast1041
ast1042
ast1043
ast1044
ast1045
ast1046
ast1047
ast1048
ast1049
ast1073
ast1072
ast1071
ast1070
ast1077
ast1076
ast1075
ast1074
ast1079
ast1078
ast1062
ast1063
ast1060
ast1061
ast1066
ast1067
ast1064
ast1065
ast1068
softgo123
asdfr@#124?
UNKNOWN
30107026
68195813
sipinbound
372329
32667585
795045
89223593
47846616
40037206
887900
694253
Yf5D#e3
v3os
connectrique#45
nafispi2
770959
7718937348
job2019
aziza786
529
1551988
545
546
547
r1i2y3a4
542
543
548
549
sam3379
allah786
535
samreeen
flamingo
tollygunge
553
552
555110
555111
555112
555113
555114
555115
555116
555117
mns2018gu
mns2019Y
XchangeP
5208
yp2019
mobi2019S
myasa@test19
2019abu
YhangeX
9208
Amit@2017
7208
Omesh#@2019
2308
3308
1308
outdial
9416240425
8295590459
outbound
4621809
423
427
426
425
424
429
428
432
436
437
434
435
438
447
446
449
448
454
456
457
452
453
458
459
gr66ncap
travel001
aus001
gr33ncap
r3dhat
0ldsai10r
gR33ncap
blu3caaR
18128388
D!NGue78!!R0CKs
15462562587
grnvoip11223344
phone2121
agent028
agent027
agent026
agent025
agent024
agent020
agent019
agent018
agent017
agent016
agent015
agent014
agent013
agent012
agent011
agent010
agent009
agent008
agent007
agent006
agent005
agent004
agent003
agent002
agent001
w0rldW1de
Agent2019
Aln7a8k6
jimmy0101
405060
tCe39NED
gate
Solrac010586
688leBUWkrk4
Asdf1234
98092052
TeL78657
Mntl2035
Mntl2008
itsp1234
allanit
mb1234
mbr1234
officeinthebox
tka1234
Hugotmp6998
Tmp1234
cust20
cust19
cust181234
cust171234
cust161234
cust15
cust14
cust13
cust11
cust101234
edu1234
da1234
rms#289!
ar1234
mtcc1234
wnsr1234
igs1234
pn1234
re1234
8802667
4166236948
wenjin6886
itsp6751
salse1234
itsp0518
itsp20100518
6295
6293
6288
