nmap 185.147.83.0/24 --script=sip-methods -Pn -n -sV -T5 -O -p T:5060,5061,5070,5069,6655,5038,5080,5062,15060,6050,6051,5063,5064,5065,5067,5068,5071,5072,5073,5076,5075,5077,5078,1020,5079,1021,1022,1023,6052,6053,6054,6055,6057,6058,6059,6061,6062,6063,6070,6064,6080,15061,15062,15070,15080,6010,5090,6000,8080,5566,9060,4002,5678,5088,30000,50600,6020,5600,5160,1025,55060,45060,25060,9090,35060,9678,7368,5081,1506,4506,4444,5506,6060,3000,2506,105,100,303,7777,26969,5187,7140,U:5060,5061 --max-retries 1 --host-timeout 180m --data-length 31


nmap -iL ipipip --script=sip-methods -Pn -n -sV -T3 -O -p T:5060-5066,U:5060-5066 -oA voipVOIP

nmap -iL ipipip --script=sip-methods -Pn -n -sV -T3 -O -p T:5060,5061,5070,5069,6655,5038,5080,5062,15060,6050,6051,5063,5064,5065,5067,5068,5071,5072,5073,5076,5075,5077,5078,1020,5079,1021,1022,1023,6052,6053,6054,6055,6057,6058,6059,6061,6062,6063,6070,6064,6080,15061,15062,15070,15080,6010,5090,6000,8080,5566,9060,4002,5678,5088,30000,50600,6020,5600,5160,1025,55060,45060,25060,9090,35060,9678,7368,5081,1506,4506,4444,5506,6060,3000,2506,105,100,303,7777,26969,5187,7140,U:5060,5061 -oA voipVOIP

awk '/open/{print $2" "$5}' voip.gnmap | sed -e 's/\// /g' | awk '/sip/{print $1":"$2}'



cat ip | docker run -i projectdiscovery/subfinder $ip -all -v > subfinder.txt

cat subfinder.txt | docker run -i projectdiscovery/httpx -t 1000 -p 443,80,81,82,83,84,85,86,87,88,89,90,8000,8001,8008,8014,8015,8020,8028,8040,8080,8081,8082,8085,8088,8090,8118,8123,8180,8181,8182,8222,8243,8280,8300,8800,8888,8899,8983,9000,9002,9060,9080,9090,9091 -leave-default-ports -nc -v >> httpxresult.txt
