00
+
900
800
700
000
0000
011
001
002
9011
8011
7011
005
007
009
008
0001
0002
9001
9002
90001
90002
8001
8002
80001
80002
810
9810
0810
7810
0015
0014
0021
0023
0031
600
400
500
300
200
100
0011
00011
0
90011
80011
70011
8810
90014
80014
70014
00021
00031
00014
00015
7001
9007
8007
7007
9008
8008
7008
1230
91230
81230
71230
9005
8005
7005
119
9119
8119
7119
990
9990
8990
7990
994
9994
8994
7994
999
9999
8999
7999
012
9012
8012
7012
013
9013
8013
7013
014
9014
8014
7014
018
9018
8018
7018
010
9010
8010
7010
8
98
88
78
9000
8000
7000
9009
8009
7009
99
899
799
7002
90
80
70
