00
0
000
0000
00000
000001
00001
00002
00003
00004
00005
00006
00007
00008
0000810
00009
0001
00010
0001001
0001002
0001003
0001004
0001005
0001006
0001007
0001008
0001009
0001010
00011
00012
00013
00014
00015
00016
00017
00018
00019
0002
00021
00023
0003
00031
00033
0004
0005
0006
0007
0008
000810
0009
001
0010
001000
001010
001011
0010591
00105912
00105913
00105914
00105916
00105917
0011
001100
001110
001120
001130
001140
001150
0011591
00115912
00115913
00115914
00115916
00115917
001160
001190
0012
001200
001220
001230
001240
001250
0012591
00125912
00125913
00125914
00125916
00125917
0013
0013591
00135912
00135913
00135914
00135916
00135917
0014
0015
001510
001530
001540
001550
001580
0016
001690
0017
001700
001760
001770
0018
001800
001880
0019
002
0020
00200
002010
0021
0022
0023
003
0031
0033
0034
003400
0036
0037
0039
004
005
005396
0055
006
0066
007
0072
0073
0077
008
008010
0081
00810
00811
0082
00866
0086600
0088
009
009010
0091
009111
0094
009810
0099
01
010
0100
01000
010010
01010
01011
010591
0105912
0105913
0105914
0105916
0105917
011
011 
0110
01100
01110
01120
0113
01130
0114
01140
0115
01150
01151
01152
011591
0115912
0115913
0115914
0115916
0115917
0116
01160
0117
0118
0118233
01190
012
01200
01204
01208
0121
01210
01220
01224
01240
01244
01250
01254
012591
0125912
0125913
0125914
0125916
0125917
01270
01276
01297
01298
013
0131
01332
013591
0135912
0135913
0135914
0135916
0135917
01363
01364
01382
01384
01386
01387
013873
014
01404
0141
01420
01429
01460
01461
01480
01481
0148133
01481832
01482
01488
015
0151
01510
01524
015242
01527
01530
01534
01539
015394
015395
015396
01540
01550
01562
01566
01580
01582
016
01606
0161
01624
01629
01635
01647
01659
01670
01690
01695
01697
016973
016974
016977
017
01700
0171
01726
01730
01736
01744
01750
01760
01768
017683
017684
017687
01770
01772
01792
018
01800
0181
01827
01837
01853
01865
01880
01884
019
01900
01905
0191
01935
01946
019467
01947
01949
01963
01995
02
020
02010
0229
023
024
02477
0265
02656
02657
0266
02665
02667
028
03
030
0301
0321
0321 
033
0336
0339
034
0340
0345
0357
0365
03655
03656
037
0387
03873
0388
0390
0396
03967
04
0401
0423
0430
0434
0437
0448
04481
0468
0496
05
050
0500
0504
05047
0507
051
052
0521
0524
053
0539
05394
05395
054
0541
05415
055
056
057
0572
058
0582
0586
059
0596
06
060
061
063
0631
0632
064
0645
0648
06487
065
0651
0656
0657
0658
066
0660
0662
06625
06626
06627
067
068
0686
0689
069
0691
0693
06937
0695
0697
06973
06974
06977
07
070
070107
071
074
075
07509
07524
076
07624
07661
0768
07683
07684
07687
077
07700
07701
07768
0778
07781
07790
07797
078
07829
0783
07839
0785
07850
079
07911
079112
079118
07924
079307
07937
07956
07966
0799
079982
079983
079984
079985
079986
079987
079988
08
080
0800
08001
080010
0801
08010
0808
081
0810
082
0820
08206
083
0830
0832
0837
0842
0843
0844
084400
084401
084409
08441
08442
08449
0845
0847
085
0850
0851
0853
0855
0856
08565
0857
0859
086
0866
0867
0869
087
0870
087015
0871
08710
08711
08712
0872
0873
0876
0878
0883
0886
08860
088600
0886002
089
0890
0899
08999
09
090
0900
09001
090010
0901
09010
0908
0909
091
09111
0930
09307
09400247
0946
09467
0956
0959
0964
0965
0966
0967
0975
098
099
0990
0991
1
10
100
1000
10000810
1000810
100810
1011
10591
105912
105913
105914
105916
105917
10810
11
110
1100
11011
111
1110
11100
11110
11120
111270
11130
11140
11150
111510
111530
111540
111550
111580
11160
111690
111700
111760
111770
111800
111880
11190
112
1120
11200
11210
11220
11230
11240
11250
11270
113
1130
1140
1150
11510
11530
11540
11550
11580
11591
115912
115913
115914
115916
115917
116
1160
11690
11700
11760
11770
11800
11880
1190
12
1200
1204
1210
1220
1230
1240
1250
12591
125912
125913
125914
125916
125917
1270
13
1300
131
13591
135912
135913
135914
135916
135917
1382
1386
1400
141
1411
1470
1471
1475
151
1510
1530
15396
1540
1550
1571
1580
161
1690
16977
1700
1710
1760
1770
1792
1800
1810
1865
1880
18800
19
1900
1911
19900
2
20
200
2000
20000810
2000810
200810
2011
20810
211
22
2200
22011
22200
261
265
28
2810
29
3
30
300
3000
30000810
3000810
3003
3004
3005
3006
3007
3008
300810
3009
3011
30810
311
33
33+
330
330+
3300
33000
33011
33300
3340
3350
33500
335500
3370
33700
337700
33800
3390
33900
34
340
3400
3810
4
40
400
4000
40000810
4000810
400180
4011
4033
40810
411
422
44
4400
44011
471
4810
484
5
50
500
5000
50000810
5000810
50033
500810
5011
5033
50810
511
512
522
5242
542
5500
5500 
550033
55011
5533
5534
5535
5536
5810
6
60
600
6000
60000810
6000810
600810
6011
60810
611
612
66
660
6600
66011
6810
7
70
700
7000
70000810
7000810
70033
700810
7010
7011
7033
70810
710
7100
710010
71010
711
71100
71110
71120
71130
71200
731
755
76101
76140
7700
770033
77011
7710
771100
771110
771120
77700
7810
79
79810
8
80
800
8000
80000810
8000810
8001
80010
8002
8003
80033
8005
8006
8007
8008
800810
8009
8010
8011
80810
8092
810
8100
81000
810000
810010
8101
81010
8102
8103
8104
8105
8106
8107
8108
8109
8109810
811
81100
81110
81120
81130
81140
81150
81160
81190
81200
81210
81220
81230
81240
81250
81270
81510
81530
81540
81550
81580
81690
81700
81760
81770
81800
81880
820
866
86600
8710
8800
88001
88002
88005
88006
88007
88008
88009
88010
88011
8810
881100
881110
881120
881130
881140
881150
881160
881190
881200
881210
881220
881230
881240
881250
881270
881510
881530
881540
881550
881580
881690
881700
881760
881770
881800
881880
886
8860
88600
886002
88800
89011
8~10
9
90
900
900 
9000
90000810
900011
9000810
9001
90010
90011
90015
90015 
9002
9003
90033
9004
9005
9006
9007
900790
9008
900810
9009
9009 
901
9010
9011
9012
9013
9014
9015
9016
9017
9018
9019
902
9020
903
9033
904
905
906
907
908
90810
909
91
9100
910010
91010
91011
911
91100
9111
91110
91120
91130
91140
91150
91160
91190
91200
91210
91220
91230
91240
91250
91270
91510
91530
91540
91550
91580
91690
91700
91760
91770
91800
91880
9200
9300
9400
9500
9600
970
9700
9710
972
9800
9810
9810810
98109810
9811
99
990
9900
99000
99001
99002
99005
99006
99007
99008
99009
9901
99010
99011
9902
9903
9904
9905
9906
9907
9908
991100
991110
991120
991130
991140
991150
991160
991190
991200
991210
991220
991230
991250
991270
991510
991530
991540
991550
991580
991690
991700
991760
991770
991800
99710
999
99900
9999
~
~810
###636
###637
###638
###639
###640
###641
###642
###643
###644
###645
###646
###647
##795
##796
##797
##798
##799
##800
##801
##802
##803
##804
##805
#651
#652
#653
#654
#655
#656
#657
#658
#659
#660
#661
#662
#663
#664
#665
*
***734
***735
***736
***737
***738
***739
***740
***741
***742
***743
***744
***745
***746
***747
**665
**666
**667
**668
**669
**670
**671
**672
**673
**674
**675
**676
**677
**678
**679
**680
**681
*0
*00
*1
*2
*3
*4
*5
*562
*563
*564
*565
*566
*567
*568
*569
*570
*571
*572
*573
*574
*575
*576
*577
*578
*6
*7
*8
*9
+
++
+++690
+++691
+++692
+++693
+++694
+++695
+++696
+++697
+++698
+++699
+++700
+++701
+++702
+0
+00
+33
+810
+91
+9111

0+
0+33
00+
